0 0.63125 0.7979166666666667 0.016015625 0.019791666666666666
1 0.75625 0.9671875 0.015625 0.019791666666666666
0 0.6921875 0.8755208333333333 0.029296875 0.05520833333333333
0 0.6125 0.7609375 0.039453125 0.034895833333333334
0 0.95 0.3385416666666667 0.020703125 0.0234375
1 0.79296875 0.3255208333333333 0.015625 0.020833333333333332
0 0.447265625 0.2421875 0.012890625 0.0171875
0 0.08515625 0.3885416666666667 0.0203125 0.0203125
0 0.8640625 0.18125 0.017578125 0.026041666666666668
0 0.534765625 0.825 0.0203125 0.021354166666666667
1 0.458984375 0.12760416666666666 0.015625 0.019270833333333334
1 0.773828125 0.8703125 0.01640625 0.019270833333333334
1 0.180859375 0.24791666666666667 0.01875 0.025
1 0.740625 0.69375 0.015625 0.025520833333333333
0 0.61484375 0.215625 0.047265625 0.058333333333333334
1 0.221484375 0.4666666666666667 0.021484375 0.025
0 0.405078125 0.459375 0.01796875 0.022916666666666665
0 0.662890625 0.07916666666666666 0.016796875 0.0234375
0 0.11953125 0.07083333333333333 0.01953125 0.022395833333333334
0 0.733203125 0.7755208333333333 0.014453125 0.018229166666666668
0 0.780078125 0.3848958333333333 0.019140625 0.026041666666666668
0 0.834375 0.5229166666666667 0.01953125 0.028125
0 0.357421875 0.14270833333333333 0.018359375 0.028645833333333332
0 0.5625 0.8942708333333333 0.022265625 0.0234375
0 0.020703125 0.31875 0.015234375 0.024479166666666666
0 0.56484375 0.5932291666666667 0.055859375 0.059375
0 0.972265625 0.5854166666666667 0.016796875 0.020833333333333332
0 0.942578125 0.6677083333333333 0.0421875 0.05572916666666667
0 0.0359375 0.06354166666666666 0.0421875 0.057291666666666664
0 0.909375 0.8125 0.01875 0.025
0 0.88828125 0.9588541666666667 0.0484375 0.059895833333333336
0 0.395703125 0.6453125 0.046484375 0.06041666666666667
0 0.707421875 0.9494791666666667 0.0203125 0.027604166666666666
0 0.489453125 0.2578125 0.02109375 0.025520833333333333
0 0.5890625 0.46770833333333334 0.01484375 0.026041666666666668
0 0.144140625 0.8755208333333333 0.020703125 0.027083333333333334
0 0.112109375 0.45364583333333336 0.0234375 0.025520833333333333
1 0.473046875 0.03802083333333333 0.015625 0.016145833333333335
0 0.579296875 0.026041666666666668 0.012890625 0.023958333333333335
1 0.601171875 0.03177083333333333 0.02109375 0.0171875
1 0.19375 0.35052083333333334 0.013671875 0.019791666666666666
0 0.27734375 0.2921875 0.01953125 0.022395833333333334