0 0.378125 0.18854166666666666 0.01640625 0.024479166666666666
0 0.941796875 0.428125 0.018359375 0.022916666666666665
0 0.23203125 0.7171875 0.0140625 0.0125
0 0.618359375 0.8536458333333333 0.016796875 0.021875
0 0.487890625 0.775 0.0203125 0.024479166666666666
1 0.79453125 0.009375 0.01953125 0.01875
0 0.558984375 0.008333333333333333 0.01875 0.016145833333333335
0 0.1578125 0.6807291666666667 0.017578125 0.029166666666666667
0 0.24765625 0.016145833333333335 0.014453125 0.01875
1 0.628125 0.509375 0.015234375 0.021354166666666667
0 0.802734375 0.14635416666666667 0.021484375 0.023958333333333335
1 0.698046875 0.309375 0.01640625 0.022395833333333334
0 0.609765625 0.18072916666666666 0.016015625 0.020833333333333332
0 0.073828125 0.4484375 0.018359375 0.0234375
0 0.33359375 0.8369791666666667 0.0171875 0.019791666666666666
0 0.652734375 0.5604166666666667 0.01875 0.025
0 0.42265625 0.5088541666666667 0.019140625 0.025520833333333333
0 0.412890625 0.4036458333333333 0.04609375 0.059895833333333336
0 0.29296875 0.45625 0.020703125 0.022916666666666665
0 0.83515625 0.9625 0.023046875 0.029166666666666667
0 0.3109375 0.6838541666666667 0.017578125 0.019791666666666666
0 0.9234375 0.5932291666666667 0.01953125 0.028125
0 0.462109375 0.9229166666666667 0.03984375 0.04739583333333333
1 0.124609375 0.878125 0.0140625 0.0171875
1 0.280859375 0.9052083333333333 0.017578125 0.0296875
0 0.05234375 0.1640625 0.01875 0.020833333333333332
0 0.141015625 0.2921875 0.044921875 0.058333333333333334
1 0.648046875 0.3546875 0.0125 0.016145833333333335
1 0.819921875 0.2755208333333333 0.01328125 0.016666666666666666
0 0.49609375 0.4739583333333333 0.020703125 0.022916666666666665
0 0.56640625 0.6625 0.048828125 0.0578125
0 0.951953125 0.8140625 0.046875 0.05625
0 0.72578125 0.21041666666666667 0.047265625 0.05625
0 0.69375 0.39739583333333334 0.04765625 0.05520833333333333
0 0.5828125 0.9822916666666667 0.022265625 0.0265625
0 0.235546875 0.19114583333333332 0.019140625 0.021354166666666667
0 0.452734375 0.0765625 0.024609375 0.028125
1 0.659765625 0.43125 0.012890625 0.018229166666666668
1 0.744921875 0.3145833333333333 0.0125 0.0265625
1 0.764453125 0.365625 0.016015625 0.019270833333333334