1 0.622265625 0.8453125 0.016796875 0.03697916666666667
0 0.510546875 0.3463541666666667 0.0171875 0.024479166666666666
0 0.37421875 0.16041666666666668 0.018359375 0.022395833333333334
0 0.880078125 0.9833333333333333 0.016015625 0.021354166666666667
1 0.971875 0.246875 0.0140625 0.0203125
1 0.70078125 0.4890625 0.018359375 0.019791666666666666
0 0.6390625 0.603125 0.012109375 0.016145833333333335
1 0.130078125 0.6223958333333334 0.011328125 0.0203125
0 0.1109375 0.6489583333333333 0.0171875 0.024479166666666666
0 0.696484375 0.14791666666666667 0.019921875 0.015625
0 0.60390625 0.09114583333333333 0.01953125 0.030208333333333334
0 0.59375 0.44479166666666664 0.012890625 0.0265625
0 0.658203125 0.5239583333333333 0.013671875 0.020833333333333332
0 0.608203125 0.9729166666666667 0.01484375 0.0296875
0 0.336328125 0.9765625 0.01328125 0.014583333333333334
1 0.618359375 0.7 0.010546875 0.015625
0 0.675 0.796875 0.012890625 0.013541666666666667
0 0.69296875 0.815625 0.012109375 0.0125
0 0.89140625 0.7239583333333334 0.015234375 0.017708333333333333
0 0.939453125 0.7609375 0.012109375 0.017708333333333333
0 0.826953125 0.13541666666666666 0.0109375 0.020833333333333332
1 0.3390625 0.8552083333333333 0.008984375 0.011979166666666667
0 0.329296875 0.3729166666666667 0.0296875 0.03958333333333333
0 0.691796875 0.8880208333333334 0.021875 0.028645833333333332
1 0.31953125 0.6802083333333333 0.015234375 0.024479166666666666
0 0.591015625 0.70625 0.0515625 0.0671875
0 0.90703125 0.1390625 0.048828125 0.06510416666666667
1 0.15703125 0.5234375 0.019140625 0.0234375
0 0.98125 0.9770833333333333 0.037109375 0.04583333333333333
1 0.985546875 0.6270833333333333 0.018359375 0.022916666666666665
1 0.844140625 0.7994791666666666 0.023828125 0.028125
1 0.358984375 0.2203125 0.01796875 0.0265625
0 0.29140625 0.7005208333333334 0.019921875 0.021875