1 0.612890625 0.7421875 0.028515625 0.028645833333333332
1 0.441015625 0.7401041666666667 0.021484375 0.026041666666666668
1 0.77265625 0.9130208333333333 0.021875 0.021875
0 0.065234375 0.26614583333333336 0.025390625 0.0359375
0 0.50234375 0.7583333333333333 0.0703125 0.0890625
0 0.225390625 0.3802083333333333 0.07265625 0.08177083333333333
0 0.354296875 0.12395833333333334 0.023828125 0.028125
0 0.89296875 0.09010416666666667 0.068359375 0.08072916666666667
0 0.800390625 0.6552083333333333 0.027734375 0.034375
1 0.59296875 0.8166666666666667 0.021484375 0.0296875
1 0.71640625 0.8036458333333333 0.019140625 0.0265625
0 0.584375 0.428125 0.02578125 0.03125
0 0.5734375 0.6744791666666666 0.03046875 0.033854166666666664
0 0.5125 0.11875 0.038671875 0.030208333333333334
0 0.671875 0.1921875 0.02109375 0.027083333333333334
0 0.15234375 0.49322916666666666 0.028125 0.03229166666666667
0 0.17265625 0.8380208333333333 0.0703125 0.0828125
0 0.674609375 0.6145833333333334 0.068359375 0.0734375
0 0.3359375 0.85625 0.025 0.03697916666666667
1 0.8984375 0.5135416666666667 0.0265625 0.03854166666666667
0 0.249609375 0.5583333333333333 0.025390625 0.034895833333333334
1 0.48828125 0.6505208333333333 0.016796875 0.019270833333333334