0 0.159765625 0.6963541666666667 0.02109375 0.028645833333333332
0 0.435546875 0.3697916666666667 0.020703125 0.025
0 0.12109375 0.9703125 0.021875 0.030729166666666665
0 0.461328125 0.75 0.01953125 0.025
1 0.704296875 0.8609375 0.01796875 0.024479166666666666
0 0.121484375 0.5723958333333333 0.04921875 0.06354166666666666
0 0.5359375 0.978125 0.0203125 0.029166666666666667
0 0.210546875 0.49375 0.023046875 0.027083333333333334
0 0.10625 0.7270833333333333 0.019140625 0.023958333333333335
0 0.8046875 0.9515625 0.019140625 0.03125
0 0.34609375 0.5609375 0.04765625 0.06822916666666666
0 0.755078125 0.7989583333333333 0.03828125 0.052083333333333336
0 0.046484375 0.0578125 0.053515625 0.06510416666666667
0 0.994921875 0.0875 0.01015625 0.017708333333333333
0 0.199609375 0.15625 0.01796875 0.022916666666666665
0 0.600390625 0.9864583333333333 0.04921875 0.027083333333333334
0 0.0359375 0.4625 0.019921875 0.0265625
0 0.6796875 0.3458333333333333 0.021875 0.022395833333333334
0 0.7515625 0.11041666666666666 0.015234375 0.0234375
0 0.430859375 0.12760416666666666 0.0171875 0.022916666666666665
1 0.9890625 0.4005208333333333 0.021875 0.06145833333333333
0 0.966796875 0.7208333333333333 0.046484375 0.0546875
1 0.64140625 0.6145833333333334 0.019140625 0.0265625
0 0.892578125 0.3223958333333333 0.017578125 0.0234375
0 0.396484375 0.9640625 0.0171875 0.023958333333333335
0 0.88203125 0.06666666666666667 0.04609375 0.05677083333333333
0 0.36875 0.47760416666666666 0.01953125 0.023958333333333335
0 0.53125 0.10885416666666667 0.04140625 0.05
0 0.78125 0.49166666666666664 0.016015625 0.022916666666666665
1 0.14296875 0.74375 0.011328125 0.01875
0 0.9515625 0.48020833333333335 0.01875 0.022916666666666665
0 0.01015625 0.8036458333333333 0.0203125 0.028125
1 0.55078125 0.4484375 0.0140625 0.015625
0 0.7125 0.6182291666666667 0.01484375 0.025
0 0.897265625 0.9 0.017578125 0.019791666666666666
1 0.38203125 0.0609375 0.01328125 0.018229166666666668
0 0.25390625 0.014583333333333334 0.015234375 0.0171875