0 0.309765625 0.5098958333333333 0.051171875 0.059895833333333336
1 0.45234375 0.678125 0.02578125 0.027083333333333334
0 0.85 0.7625 0.0171875 0.027604166666666666
0 0.66875 0.7427083333333333 0.01953125 0.019791666666666666
1 0.2765625 0.0140625 0.024609375 0.027604166666666666
1 0.4 0.9348958333333334 0.013671875 0.020833333333333332
0 0.290625 0.7713541666666667 0.01875 0.023958333333333335
1 0.15703125 0.45416666666666666 0.02109375 0.03125
0 0.9 0.990625 0.01796875 0.01875
1 0.206640625 0.42864583333333334 0.01171875 0.016666666666666666
0 0.006640625 0.09166666666666666 0.01328125 0.03229166666666667
1 0.96015625 0.17760416666666667 0.015625 0.019791666666666666
1 0.994921875 0.9723958333333333 0.01015625 0.027083333333333334
1 0.943359375 0.9723958333333333 0.01953125 0.025520833333333333
0 0.12734375 0.9921875 0.0203125 0.015625
0 0.88125 0.4041666666666667 0.01953125 0.027083333333333334
1 0.605078125 0.7598958333333333 0.052734375 0.059375
0 0.6203125 0.4921875 0.021484375 0.027604166666666666
0 0.096484375 0.1234375 0.02109375 0.027083333333333334
1 0.773046875 0.07916666666666666 0.021875 0.023958333333333335
1 0.285546875 0.31666666666666665 0.022265625 0.0265625
1 0.61953125 0.8953125 0.020703125 0.025
1 0.01015625 0.6875 0.01953125 0.026041666666666668
1 0.08046875 0.5114583333333333 0.015625 0.018229166666666668
1 0.708984375 0.6005208333333333 0.01171875 0.017708333333333333
0 0.2265625 0.878125 0.051171875 0.06510416666666667
1 0.9921875 0.6322916666666667 0.015625 0.022916666666666665
0 0.7703125 0.4244791666666667 0.050390625 0.06197916666666667
1 0.461328125 0.709375 0.01328125 0.0296875
1 0.459765625 0.8682291666666667 0.016015625 0.015104166666666667
1 0.285546875 0.8197916666666667 0.013671875 0.017708333333333333
1 0.88671875 0.515625 0.020703125 0.018229166666666668
1 0.555078125 0.09322916666666667 0.021484375 0.0265625
1 0.452734375 0.090625 0.04765625 0.06041666666666667
1 0.523828125 0.28958333333333336 0.01640625 0.027083333333333334