0 0.403515625 0.8901041666666667 0.019140625 0.025520833333333333
1 0.791015625 0.7739583333333333 0.01640625 0.018229166666666668
1 0.134765625 0.5963541666666666 0.01875 0.023958333333333335
1 0.5546875 0.10416666666666667 0.0515625 0.08958333333333333
1 0.303125 0.8958333333333334 0.012890625 0.027604166666666666
1 0.6734375 0.31979166666666664 0.021484375 0.027604166666666666
0 0.401171875 0.3515625 0.056640625 0.0640625
0 0.499609375 0.2046875 0.01875 0.0234375
0 0.109375 0.253125 0.044140625 0.05416666666666667
1 0.927734375 0.8067708333333333 0.0203125 0.025520833333333333
1 0.551171875 0.5776041666666667 0.019140625 0.024479166666666666
0 0.393359375 0.43854166666666666 0.01796875 0.021875
0 0.635546875 0.7807291666666667 0.051171875 0.0671875
0 0.7171875 0.6713541666666667 0.01953125 0.023958333333333335
0 0.909375 0.91875 0.04609375 0.058333333333333334
0 0.215625 0.8869791666666667 0.022265625 0.028125
0 0.056640625 0.9635416666666666 0.021875 0.026041666666666668
0 0.1046875 0.8020833333333334 0.046875 0.057291666666666664
0 0.2109375 0.3416666666666667 0.02109375 0.028125
1 0.949609375 0.09739583333333333 0.061328125 0.08385416666666666
1 0.95234375 0.5369791666666667 0.008203125 0.0140625
1 0.4484375 0.18020833333333333 0.010546875 0.013541666666666667
1 0.02265625 0.0578125 0.0203125 0.028125
1 0.330078125 0.8286458333333333 0.009765625 0.015625
1 0.826171875 0.946875 0.013671875 0.030729166666666665
1 0.402734375 0.7692708333333333 0.016796875 0.013020833333333334
1 0.2828125 0.75625 0.011328125 0.0140625
1 0.8828125 0.38697916666666665 0.021875 0.026041666666666668
0 0.81015625 0.023958333333333335 0.01953125 0.027083333333333334
1 0.63828125 0.31875 0.01953125 0.016666666666666666
1 0.4515625 0.0067708333333333336 0.020703125 0.013541666666666667
0 0.280078125 0.0671875 0.060546875 0.06822916666666666