0 0.270703125 0.6791666666666667 0.022265625 0.030208333333333334
1 0.116796875 0.0109375 0.014453125 0.015104166666666667
1 0.8078125 0.9286458333333333 0.018359375 0.03125
1 0.874609375 0.95625 0.024609375 0.021354166666666667
0 0.008984375 0.9395833333333333 0.0109375 0.013020833333333334
0 0.461328125 0.4625 0.015625 0.016145833333333335
1 0.12578125 0.775 0.05 0.0609375
1 0.219140625 0.19895833333333332 0.02578125 0.029166666666666667
1 0.810546875 0.546875 0.023828125 0.029166666666666667
1 0.773046875 0.07916666666666666 0.02109375 0.027083333333333334
1 0.9703125 0.6640625 0.050390625 0.06510416666666667
1 0.6453125 0.29739583333333336 0.022265625 0.030729166666666665
1 0.366015625 0.42135416666666664 0.0203125 0.024479166666666666
0 0.98359375 0.4921875 0.01953125 0.0265625
1 0.0484375 0.04375 0.01875 0.019791666666666666
1 0.727734375 0.8239583333333333 0.021484375 0.026041666666666668
1 0.037890625 0.5661458333333333 0.024609375 0.028645833333333332
0 0.72421875 0.6515625 0.01328125 0.011458333333333333
1 0.9703125 0.17291666666666666 0.02421875 0.03177083333333333
1 0.211328125 0.5510416666666667 0.008984375 0.015625
1 0.7328125 0.5078125 0.01328125 0.015104166666666667
1 0.871875 0.6317708333333333 0.012109375 0.0140625
1 0.0984375 0.8072916666666666 0.01171875 0.013541666666666667
1 0.507421875 0.07083333333333333 0.020703125 0.0296875
1 0.6515625 0.1453125 0.05234375 0.06458333333333334
1 0.526953125 0.5744791666666667 0.02578125 0.0296875
1 0.436328125 0.8260416666666667 0.022265625 0.025520833333333333
0 0.051171875 0.821875 0.021875 0.0296875
1 0.318359375 0.33958333333333335 0.05078125 0.06354166666666666
1 0.644140625 0.7973958333333333 0.051953125 0.0640625