0 0.691015625 0.14947916666666666 0.008203125 0.008854166666666666
1 0.5140625 0.010416666666666666 0.012109375 0.020833333333333332
1 0.006640625 0.13489583333333333 0.012890625 0.014583333333333334
1 0.993359375 0.2708333333333333 0.01328125 0.025
1 0.04375 0.7135416666666666 0.019140625 0.022395833333333334
0 0.343359375 0.06979166666666667 0.01875 0.026041666666666668
0 0.026171875 0.3182291666666667 0.020703125 0.025520833333333333
0 0.734375 0.6932291666666667 0.0125 0.015625
0 0.90234375 0.06041666666666667 0.0171875 0.028125
1 0.82890625 0.8348958333333333 0.01796875 0.024479166666666666
0 0.72109375 0.04010416666666667 0.01796875 0.022916666666666665
1 0.57734375 0.3255208333333333 0.023828125 0.0265625
1 0.82265625 0.35052083333333334 0.020703125 0.0265625
1 0.657421875 0.059375 0.051953125 0.058854166666666666
0 0.67265625 0.19375 0.0203125 0.022916666666666665
1 0.6921875 0.8864583333333333 0.01796875 0.025520833333333333
0 0.180859375 0.5760416666666667 0.053515625 0.06614583333333333
0 0.453125 0.2328125 0.015234375 0.0203125
1 0.33828125 0.9369791666666667 0.0109375 0.013020833333333334
1 0.426171875 0.9885416666666667 0.010546875 0.013020833333333334
0 0.531640625 0.1203125 0.005859375 0.0067708333333333336
1 0.750390625 0.40729166666666666 0.016796875 0.022395833333333334
0 0.89140625 0.3625 0.00625 0.009375
0 0.222265625 0.8520833333333333 0.010546875 0.014583333333333334
0 0.32421875 0.7942708333333334 0.010546875 0.015104166666666667
0 0.28125 0.17708333333333334 0.055859375 0.06822916666666666
1 0.80625 0.5505208333333333 0.018359375 0.022916666666666665
1 0.6375 0.5125 0.021484375 0.026041666666666668
0 0.11640625 0.5088541666666667 0.019921875 0.024479166666666666
1 0.953515625 0.2921875 0.01875 0.0265625
0 0.604296875 0.621875 0.050390625 0.0609375
0 0.799609375 0.6505208333333333 0.008984375 0.015625
0 0.4390625 0.5567708333333333 0.019921875 0.023958333333333335
1 0.2890625 0.5307291666666667 0.01953125 0.028645833333333332
1 0.523046875 0.8192708333333333 0.0171875 0.027604166666666666
1 0.3375 0.5546875 0.020703125 0.026041666666666668
1 0.215625 0.22916666666666666 0.01171875 0.015104166666666667
1 0.30703125 0.8505208333333333 0.0234375 0.0265625
1 0.18046875 0.29375 0.019140625 0.025
1 0.512890625 0.165625 0.01484375 0.013541666666666667
1 0.240625 0.6302083333333334 0.009375 0.015625