1 0.854296875 0.9848958333333333 0.020703125 0.028645833333333332
0 0.651953125 0.9328125 0.01953125 0.029166666666666667
0 0.792578125 0.6354166666666666 0.01484375 0.0265625
0 0.393359375 0.7229166666666667 0.02421875 0.027083333333333334
0 0.54453125 0.7161458333333334 0.025390625 0.034895833333333334
0 0.100390625 0.43385416666666665 0.02109375 0.036458333333333336
0 0.889453125 0.2546875 0.03984375 0.05416666666666667
1 0.5859375 0.125 0.0234375 0.030729166666666665
1 0.3125 0.6244791666666667 0.02109375 0.0265625
0 0.8390625 0.3494791666666667 0.020703125 0.027083333333333334
1 0.846875 0.03333333333333333 0.02109375 0.029166666666666667
0 0.09453125 0.09791666666666667 0.01953125 0.019270833333333334
1 0.23203125 0.48385416666666664 0.0265625 0.03802083333333333