1 0.848828125 0.13802083333333334 0.01015625 0.014583333333333334
1 0.91015625 0.2833333333333333 0.010546875 0.01875
1 0.41328125 0.76875 0.010546875 0.013020833333333334
0 0.2828125 0.5026041666666666 0.02109375 0.023958333333333335
1 0.137109375 0.6552083333333333 0.022265625 0.0328125
1 0.79609375 0.7723958333333333 0.05 0.065625
1 0.393359375 0.18697916666666667 0.020703125 0.021875
1 0.280859375 0.7286458333333333 0.0515625 0.06822916666666666
1 0.348046875 0.9625 0.021875 0.022916666666666665
1 0.78515625 0.7026041666666667 0.019140625 0.026041666666666668
1 0.1984375 0.20572916666666666 0.05390625 0.0625
1 0.98515625 0.7864583333333334 0.022265625 0.027604166666666666
1 0.527734375 0.6583333333333333 0.02109375 0.019791666666666666
0 0.38671875 0.4359375 0.05703125 0.07135416666666666
1 0.743359375 0.20364583333333333 0.053125 0.0703125
1 0.859375 0.1609375 0.021484375 0.029166666666666667
1 0.98203125 0.2171875 0.02265625 0.028645833333333332
1 0.718359375 0.0328125 0.01875 0.025520833333333333
0 0.113671875 0.4348958333333333 0.01875 0.019791666666666666
1 0.509765625 0.2734375 0.02109375 0.0234375
1 0.487890625 0.0484375 0.051171875 0.0625
1 0.4578125 0.8546875 0.021484375 0.0328125
1 0.49375 0.5369791666666667 0.019140625 0.033854166666666664
1 0.615234375 0.46927083333333336 0.020703125 0.028125
0 0.829296875 0.4484375 0.016796875 0.022916666666666665
1 0.687890625 0.7276041666666667 0.011328125 0.0140625
1 0.539453125 0.98125 0.011328125 0.015625
1 0.325390625 0.9614583333333333 0.011328125 0.013020833333333334
1 0.233984375 0.7421875 0.012890625 0.018229166666666668
1 0.213671875 0.43385416666666665 0.01015625 0.0140625
1 0.246484375 0.13645833333333332 0.010546875 0.013020833333333334
1 0.252734375 0.14791666666666667 0.0109375 0.0140625
1 0.718359375 0.3182291666666667 0.01015625 0.0140625
1 0.858203125 0.14010416666666667 0.01015625 0.0140625
1 0.008984375 0.44583333333333336 0.008203125 0.0109375
1 0.328515625 0.34010416666666665 0.011328125 0.015104166666666667