1 0.64453125 0.011458333333333333 0.021875 0.022916666666666665
1 0.173828125 0.1265625 0.054296875 0.07604166666666666
1 0.011328125 0.7130208333333333 0.02265625 0.026041666666666668
1 0.09765625 0.5421875 0.026953125 0.027083333333333334
1 0.028125 0.5005208333333333 0.020703125 0.0265625
1 0.939453125 0.734375 0.049609375 0.0640625
0 0.402734375 0.030208333333333334 0.020703125 0.028125
0 0.740625 0.5380208333333333 0.021484375 0.0171875
1 0.71171875 0.9130208333333333 0.0234375 0.030208333333333334
1 0.996875 0.3828125 0.00625 0.026041666666666668
0 0.887890625 0.4583333333333333 0.0171875 0.027604166666666666
1 0.160546875 0.7390625 0.053125 0.06770833333333333
1 0.82421875 0.321875 0.011328125 0.015625
1 0.8984375 0.22760416666666666 0.022265625 0.027083333333333334
1 0.453515625 0.3380208333333333 0.0265625 0.030729166666666665
1 0.186328125 0.7796875 0.019921875 0.025520833333333333
1 0.50234375 0.48333333333333334 0.0203125 0.03125
1 0.311328125 0.9890625 0.01640625 0.021875
1 0.03046875 0.5182291666666666 0.0109375 0.013541666666666667
1 0.048046875 0.4421875 0.012109375 0.014583333333333334
1 0.955078125 0.9630208333333333 0.009765625 0.0140625
1 0.13125 0.25833333333333336 0.022265625 0.028125
1 0.368359375 0.7671875 0.023046875 0.028125
1 0.88671875 0.04895833333333333 0.0546875 0.07395833333333333
1 0.689453125 0.3390625 0.023828125 0.0234375
1 0.653515625 0.8348958333333333 0.016015625 0.019270833333333334
1 0.270703125 0.6614583333333334 0.0109375 0.014583333333333334
1 0.533203125 0.16770833333333332 0.009375 0.016666666666666666
1 0.287109375 0.6453125 0.01015625 0.0109375
1 0.99453125 0.6776041666666667 0.0109375 0.0140625
1 0.98828125 0.6661458333333333 0.010546875 0.013020833333333334
1 0.230078125 0.7942708333333334 0.011328125 0.026041666666666668
1 0.297265625 0.009375 0.024609375 0.01875
1 0.2640625 0.471875 0.02109375 0.028125
1 0.737890625 0.6739583333333333 0.024609375 0.029166666666666667
1 0.50234375 0.75 0.057421875 0.07291666666666667
1 0.741015625 0.8078125 0.01015625 0.014583333333333334
1 0.727734375 0.8088541666666667 0.0109375 0.0140625