1 0.35234375 0.190625 0.021875 0.023958333333333335
1 0.19921875 0.6416666666666667 0.018359375 0.0265625
1 0.039453125 0.7932291666666667 0.034765625 0.03177083333333333
1 0.71484375 0.7541666666666667 0.017578125 0.027604166666666666
1 0.030078125 0.39479166666666665 0.020703125 0.027604166666666666
1 0.307421875 0.35625 0.01953125 0.022395833333333334
1 0.378125 0.5140625 0.020703125 0.027083333333333334
1 0.771875 0.3015625 0.0203125 0.025
1 0.1921875 0.09791666666666667 0.021484375 0.025
1 0.04609375 0.059375 0.01796875 0.027604166666666666
1 0.926953125 0.5838541666666667 0.040625 0.05572916666666667
1 0.426953125 0.6614583333333334 0.019921875 0.023958333333333335
1 0.568359375 0.6609375 0.01875 0.026041666666666668
1 0.921484375 0.68125 0.018359375 0.022395833333333334
1 0.55703125 0.13541666666666666 0.016796875 0.025520833333333333
1 0.7765625 0.10572916666666667 0.04296875 0.05
1 0.7171875 0.12395833333333334 0.016796875 0.0265625
1 0.984375 0.31927083333333334 0.017578125 0.026041666666666668
1 0.602734375 0.4328125 0.041796875 0.046875
1 0.109765625 0.3145833333333333 0.019921875 0.023958333333333335
1 0.20078125 0.9244791666666666 0.015234375 0.0203125
1 0.012890625 0.5380208333333333 0.02578125 0.04791666666666667
1 0.23203125 0.7520833333333333 0.025 0.0296875
1 0.141796875 0.8901041666666667 0.021875 0.024479166666666666
0 0.823046875 0.8197916666666667 0.019140625 0.023958333333333335
1 0.63984375 0.8145833333333333 0.02265625 0.024479166666666666
1 0.6765625 0.8630208333333333 0.010546875 0.013541666666666667
1 0.436328125 0.5 0.012890625 0.019791666666666666
0 0.662109375 0.9697916666666667 0.009765625 0.0140625
1 0.43359375 0.8010416666666667 0.0078125 0.010416666666666666
1 0.194921875 0.490625 0.01953125 0.026041666666666668