0 0.103125 0.3177083333333333 0.021484375 0.023958333333333335
1 0.393359375 0.3229166666666667 0.05859375 0.07395833333333333
1 0.32578125 0.6057291666666667 0.0234375 0.03125
1 0.542578125 0.7166666666666667 0.023046875 0.033854166666666664
0 0.078515625 0.12552083333333333 0.0625 0.057291666666666664
0 0.874609375 0.6041666666666666 0.0515625 0.0703125
0 0.820703125 0.8682291666666667 0.021484375 0.029166666666666667
0 0.669140625 0.27239583333333334 0.053125 0.065625
0 0.6515625 0.034895833333333334 0.021484375 0.0296875
0 0.575390625 0.075 0.02109375 0.026041666666666668
0 0.472265625 0.027083333333333334 0.01171875 0.01875
0 0.730078125 0.975 0.01875 0.020833333333333332
1 0.2109375 0.5869791666666667 0.02890625 0.019791666666666666
0 0.25546875 0.534375 0.013671875 0.017708333333333333
0 0.872265625 0.7239583333333334 0.019140625 0.025
0 0.08125 0.8609375 0.059765625 0.07395833333333333
1 0.106640625 0.51875 0.062109375 0.07864583333333333
0 0.823046875 0.45416666666666666 0.012890625 0.01875
1 0.93515625 0.011458333333333333 0.03125 0.022395833333333334