1 0.79296875 0.29375 0.012890625 0.016145833333333335
0 0.178515625 0.6953125 0.01796875 0.023958333333333335
0 0.22890625 0.1609375 0.019140625 0.022395833333333334
1 0.24140625 0.06614583333333333 0.01640625 0.01875
1 0.007421875 0.14947916666666666 0.014453125 0.04791666666666667
1 0.67421875 0.9098958333333333 0.013671875 0.016145833333333335
1 0.649609375 0.6 0.015625 0.019791666666666666
0 0.046484375 0.38177083333333334 0.0140625 0.019270833333333334
1 0.5234375 0.6098958333333333 0.0171875 0.020833333333333332
1 0.61640625 0.38333333333333336 0.016796875 0.027604166666666666
1 0.841015625 0.1546875 0.01640625 0.024479166666666666
0 0.323046875 0.3536458333333333 0.016015625 0.017708333333333333
1 0.969140625 0.16770833333333332 0.01796875 0.025
0 0.29921875 0.6494791666666667 0.019140625 0.025520833333333333
1 0.666796875 0.07291666666666667 0.03671875 0.053125
1 0.425390625 0.3140625 0.043359375 0.05572916666666667
0 0.1734375 0.89375 0.0171875 0.019791666666666666
1 0.7984375 0.6703125 0.015234375 0.022916666666666665
1 0.90625 0.6838541666666667 0.016796875 0.019270833333333334
1 0.1625 0.4109375 0.04375 0.05416666666666667
1 0.434375 0.7395833333333334 0.015625 0.019270833333333334
0 0.737890625 0.66875 0.042578125 0.0578125
1 0.480859375 0.1421875 0.016015625 0.022916666666666665
1 0.405859375 0.9104166666666667 0.012109375 0.015625
0 0.922265625 0.8703125 0.0421875 0.058333333333333334