1 0.359375 0.7630208333333334 0.026171875 0.036458333333333336
1 0.128125 0.090625 0.025 0.034895833333333334
1 0.39609375 0.32395833333333335 0.023046875 0.030208333333333334
1 0.994921875 0.9291666666666667 0.009765625 0.025520833333333333
1 0.56171875 0.94375 0.026171875 0.042708333333333334
1 0.44921875 0.05677083333333333 0.0203125 0.020833333333333332
0 0.03359375 0.1671875 0.01953125 0.011458333333333333
1 0.3828125 0.3921875 0.065234375 0.08333333333333333
1 0.14140625 0.8369791666666667 0.02421875 0.027083333333333334
0 0.70078125 0.5848958333333333 0.056640625 0.07708333333333334
1 0.515234375 0.78125 0.029296875 0.03229166666666667
1 0.87734375 0.5432291666666667 0.025 0.034895833333333334
0 0.0296875 0.334375 0.028515625 0.0359375
1 0.582421875 0.5739583333333333 0.018359375 0.020833333333333332
1 0.883984375 0.016666666666666666 0.025 0.03333333333333333
1 0.5734375 0.6765625 0.028125 0.029166666666666667
1 0.776953125 0.275 0.025 0.03333333333333333