1 0.423828125 0.6083333333333333 0.0234375 0.03125
0 0.82734375 0.86875 0.013671875 0.011979166666666667
1 0.241796875 0.7052083333333333 0.057421875 0.08229166666666667
1 0.048828125 0.13333333333333333 0.01875 0.028125
1 0.7609375 0.5265625 0.06171875 0.0765625
1 0.69609375 0.2375 0.0609375 0.08020833333333334
1 0.35625 0.8380208333333333 0.021875 0.027604166666666666
1 0.67265625 0.778125 0.028125 0.043229166666666666
0 0.899609375 0.7026041666666667 0.021875 0.030208333333333334
1 0.072265625 0.49583333333333335 0.066015625 0.0734375
0 0.95703125 0.4739583333333333 0.026171875 0.027604166666666666
1 0.2421875 0.20989583333333334 0.026171875 0.042708333333333334
1 0.005078125 0.5322916666666667 0.01015625 0.01875
1 0.6203125 0.5817708333333333 0.02265625 0.0359375
0 0.342578125 0.6916666666666667 0.021484375 0.019791666666666666
0 0.880859375 0.8958333333333334 0.02421875 0.0359375
0 0.661328125 0.953125 0.037890625 0.050520833333333334
0 0.67734375 0.5104166666666666 0.01640625 0.019270833333333334
1 0.081640625 0.8885416666666667 0.059765625 0.07916666666666666
1 0.41015625 0.4427083333333333 0.02109375 0.0296875
0 0.928515625 0.2203125 0.017578125 0.0265625