0 0.963671875 0.575 0.021875 0.030208333333333334
0 0.93359375 0.5739583333333333 0.023046875 0.03125
0 0.56796875 0.016666666666666666 0.025 0.03333333333333333
0 0.699609375 0.12708333333333333 0.060546875 0.08489583333333334
1 0.16171875 0.09583333333333334 0.016796875 0.020833333333333332
1 0.69296875 0.39010416666666664 0.0265625 0.03697916666666667
0 0.540625 0.6901041666666666 0.02421875 0.030729166666666665
1 0.372265625 0.834375 0.0609375 0.08072916666666667
1 0.310546875 0.08177083333333333 0.0609375 0.08541666666666667
0 0.300390625 0.353125 0.02265625 0.028645833333333332
1 0.52734375 0.29739583333333336 0.03125 0.036458333333333336
1 0.801171875 0.8015625 0.051171875 0.08333333333333333
0 0.227734375 0.778125 0.0234375 0.030208333333333334
1 0.013671875 0.6848958333333334 0.02734375 0.084375
0 0.991796875 0.22395833333333334 0.016015625 0.07552083333333333
1 0.904296875 0.0765625 0.027734375 0.036458333333333336
0 0.228515625 0.45416666666666666 0.030078125 0.027604166666666666
0 0.973828125 0.4557291666666667 0.0265625 0.030208333333333334