1 0.13984375 0.30572916666666666 0.01953125 0.023958333333333335
1 0.216796875 0.5125 0.0171875 0.021875
1 0.865625 0.4947916666666667 0.016015625 0.017708333333333333
0 0.95625 0.4432291666666667 0.0171875 0.020833333333333332
0 0.485546875 0.21666666666666667 0.018359375 0.022395833333333334
1 0.626953125 0.0734375 0.015625 0.020833333333333332
1 0.16640625 0.7135416666666666 0.040234375 0.050520833333333334
1 0.411328125 0.3776041666666667 0.017578125 0.021354166666666667
1 0.15625 0.2203125 0.032421875 0.040625
1 0.783203125 0.065625 0.015625 0.026041666666666668
1 0.62109375 0.32760416666666664 0.0140625 0.018229166666666668
1 0.879296875 0.26614583333333336 0.015625 0.026041666666666668
0 0.40546875 0.0265625 0.0390625 0.049479166666666664
1 0.5609375 0.7651041666666667 0.016015625 0.020833333333333332
1 0.444921875 0.7348958333333333 0.0171875 0.025
0 0.778515625 0.684375 0.034765625 0.050520833333333334
1 0.282421875 0.4947916666666667 0.042578125 0.0484375
1 0.49296875 0.878125 0.03984375 0.04895833333333333
1 0.96484375 0.21197916666666666 0.0171875 0.0234375
0 0.79609375 0.17239583333333333 0.015234375 0.023958333333333335
0 0.71328125 0.315625 0.016796875 0.022395833333333334
1 0.864453125 0.8776041666666666 0.015234375 0.023958333333333335
1 0.80625 0.8151041666666666 0.019140625 0.0203125
1 0.779296875 0.778125 0.017578125 0.018229166666666668
1 0.975 0.6380208333333334 0.015625 0.022916666666666665
1 0.78984375 0.553125 0.01640625 0.0203125
1 0.6578125 0.6838541666666667 0.027734375 0.0375
1 0.008203125 0.5557291666666667 0.01640625 0.025520833333333333
1 0.618359375 0.6177083333333333 0.01875 0.024479166666666666
1 0.0984375 0.9078125 0.03515625 0.04010416666666667
1 0.646484375 0.0984375 0.037890625 0.049479166666666664
1 0.2046875 0.9473958333333333 0.018359375 0.021875
0 0.755078125 0.20729166666666668 0.037890625 0.05520833333333333
1 0.322265625 0.6911458333333333 0.01640625 0.021354166666666667
0 0.4734375 0.9369791666666667 0.01796875 0.0234375
0 0.72109375 0.15677083333333333 0.015234375 0.016145833333333335
0 0.3640625 0.8104166666666667 0.016796875 0.021875
1 0.54609375 0.45260416666666664 0.039453125 0.0515625
1 0.303125 0.13541666666666666 0.013671875 0.017708333333333333
1 0.2078125 0.7833333333333333 0.013671875 0.0140625
1 0.18515625 0.8395833333333333 0.009375 0.011458333333333333
1 0.98125 0.5921875 0.03359375 0.0453125
1 0.411328125 0.475 0.0203125 0.022916666666666665
1 0.25390625 0.3609375 0.013671875 0.01875
1 0.184375 0.5973958333333333 0.017578125 0.0203125
1 0.069921875 0.08072916666666667 0.0171875 0.021354166666666667
1 0.008984375 0.03177083333333333 0.017578125 0.0203125
1 0.2921875 0.20833333333333334 0.021484375 0.0328125
1 0.3171875 0.6473958333333333 0.040234375 0.05260416666666667
1 0.84765625 0.3921875 0.017578125 0.026041666666666668
0 0.978125 0.9083333333333333 0.025390625 0.0375
0 0.882421875 0.8401041666666667 0.0328125 0.044270833333333336
0 0.891796875 0.5708333333333333 0.03515625 0.052083333333333336
1 0.01484375 0.3734375 0.0296875 0.05260416666666667
0 0.68515625 0.5260416666666666 0.012890625 0.025520833333333333
1 0.8046875 0.43125 0.0328125 0.0421875
1 0.06875 0.7494791666666667 0.01015625 0.013020833333333334
1 0.005078125 0.7994791666666666 0.01015625 0.024479166666666666
1 0.991015625 0.049479166666666664 0.01796875 0.058333333333333334
0 0.733984375 0.3807291666666667 0.0171875 0.015625
1 0.9265625 0.5744791666666667 0.01328125 0.015625
0 0.696875 0.7963541666666667 0.01796875 0.0203125
1 0.731640625 0.8328125 0.0171875 0.011979166666666667
1 0.578515625 0.971875 0.01015625 0.014583333333333334
1 0.105859375 0.33125 0.01953125 0.023958333333333335