0 0.496875 0.7411458333333333 0.01953125 0.027083333333333334
1 0.309375 0.27708333333333335 0.0640625 0.08020833333333334
0 0.896875 0.31666666666666665 0.048046875 0.059375
1 0.5234375 0.04479166666666667 0.025 0.034375
0 0.105859375 0.9807291666666667 0.014453125 0.019791666666666666
0 0.492578125 0.34010416666666665 0.0203125 0.028645833333333332
0 0.70078125 0.4708333333333333 0.01875 0.0234375
1 0.02890625 0.12083333333333333 0.0234375 0.035416666666666666
1 0.201171875 0.010416666666666666 0.01640625 0.016666666666666666
0 0.109375 0.3145833333333333 0.017578125 0.026041666666666668
1 0.113671875 0.7057291666666666 0.02578125 0.027604166666666666
1 0.791015625 0.73125 0.02734375 0.0390625
1 0.946875 0.12552083333333333 0.01796875 0.019791666666666666
1 0.4484375 0.228125 0.01953125 0.025520833333333333
0 0.66484375 0.3145833333333333 0.02109375 0.0265625
1 0.165625 0.8921875 0.021875 0.03177083333333333
0 0.46328125 0.8145833333333333 0.02265625 0.03333333333333333
0 0.371484375 0.5947916666666667 0.0515625 0.08229166666666667