1 0.644140625 0.5947916666666667 0.012890625 0.018229166666666668
0 0.357421875 0.20729166666666668 0.026953125 0.04010416666666667
1 0.967578125 0.0609375 0.062109375 0.0859375
1 0.01953125 0.4635416666666667 0.0390625 0.08177083333333333
1 0.788671875 0.8583333333333333 0.021484375 0.026041666666666668
1 0.8984375 0.559375 0.06171875 0.07864583333333333
0 0.244140625 0.3046875 0.015625 0.0140625
1 0.901171875 0.3338541666666667 0.0140625 0.017708333333333333
1 0.9125 0.3302083333333333 0.01328125 0.018229166666666668
1 0.038671875 0.2640625 0.015625 0.021875
1 0.299609375 0.5755208333333334 0.025390625 0.0390625
0 0.87109375 0.7354166666666667 0.026171875 0.026041666666666668
0 0.822265625 0.45 0.015625 0.016145833333333335
0 0.796875 0.2 0.021484375 0.026041666666666668
1 0.693359375 0.5692708333333333 0.013671875 0.0203125
1 0.964453125 0.23541666666666666 0.01328125 0.019270833333333334
1 0.90390625 0.5307291666666667 0.022265625 0.020833333333333332
1 0.70234375 0.5604166666666667 0.01328125 0.018229166666666668
1 0.971875 0.3828125 0.010546875 0.011458333333333333
1 0.088671875 0.2916666666666667 0.015625 0.015625
1 0.106640625 0.17916666666666667 0.01171875 0.0140625
1 0.3546875 0.990625 0.0140625 0.01875
1 0.162109375 0.9447916666666667 0.02265625 0.028125
1 0.309765625 0.8723958333333334 0.011328125 0.0171875
0 0.515625 0.8515625 0.014453125 0.016666666666666666
0 0.56796875 0.22083333333333333 0.021484375 0.025