0 0.203125 0.5604166666666667 0.0171875 0.01875
1 0.404296875 0.17864583333333334 0.010546875 0.0140625
1 0.01875 0.35572916666666665 0.01171875 0.0109375
1 0.14296875 0.31145833333333334 0.028515625 0.035416666666666666
0 0.15078125 0.7166666666666667 0.017578125 0.027083333333333334
0 0.066015625 0.2328125 0.013671875 0.019270833333333334
0 0.046484375 0.9140625 0.017578125 0.019270833333333334
0 0.61640625 0.7729166666666667 0.012890625 0.017708333333333333
0 0.315234375 0.721875 0.038671875 0.0359375
0 0.524609375 0.890625 0.02265625 0.030208333333333334
0 0.584765625 0.030729166666666665 0.0140625 0.01875
0 0.9296875 0.1515625 0.0390625 0.04479166666666667