1 0.036328125 0.690625 0.01875 0.021354166666666667
1 0.658984375 0.79375 0.017578125 0.026041666666666668
1 0.144140625 0.2984375 0.016015625 0.021875
1 0.49375 0.7255208333333333 0.017578125 0.022395833333333334
1 0.575390625 0.7817708333333333 0.042578125 0.05416666666666667
0 0.1640625 0.55625 0.01796875 0.022916666666666665
1 0.074609375 0.5875 0.040625 0.049479166666666664
1 0.10078125 0.6776041666666667 0.0140625 0.016145833333333335
1 0.95234375 0.1296875 0.01328125 0.016666666666666666
1 0.83671875 0.8333333333333334 0.010546875 0.011979166666666667
1 0.72109375 0.74375 0.009375 0.011979166666666667
1 0.944140625 0.203125 0.02421875 0.0328125
1 0.244921875 0.9802083333333333 0.03359375 0.03958333333333333
1 0.748828125 0.9026041666666667 0.0390625 0.041666666666666664
1 0.85546875 0.9411458333333333 0.019921875 0.021875
0 0.5203125 0.4140625 0.016015625 0.018229166666666668
1 0.195703125 0.8083333333333333 0.034765625 0.04895833333333333
1 0.254296875 0.6973958333333333 0.016796875 0.022395833333333334
1 0.153125 0.7322916666666667 0.01796875 0.0234375
1 0.381640625 0.7432291666666667 0.01796875 0.024479166666666666
1 0.40234375 0.8265625 0.016796875 0.024479166666666666
1 0.295703125 0.7776041666666667 0.01953125 0.016666666666666666
1 0.3859375 0.0671875 0.016015625 0.017708333333333333
1 0.510546875 0.011979166666666667 0.041015625 0.0234375
1 0.32890625 0.4479166666666667 0.01484375 0.020833333333333332
1 0.660546875 0.5505208333333333 0.0171875 0.025
1 0.35234375 0.9651041666666667 0.0421875 0.05260416666666667
1 0.497265625 0.34322916666666664 0.04140625 0.0546875
1 0.470703125 0.5765625 0.041015625 0.052083333333333336
1 0.35390625 0.6526041666666667 0.04140625 0.0546875
1 0.96640625 0.640625 0.042578125 0.05520833333333333
1 0.93046875 0.48854166666666665 0.04296875 0.051041666666666666
1 0.216796875 0.32395833333333335 0.04140625 0.052083333333333336
1 0.6640625 0.365625 0.0359375 0.04791666666666667
1 0.756640625 0.3265625 0.01875 0.022395833333333334
1 0.78984375 0.30104166666666665 0.019140625 0.024479166666666666
1 0.902734375 0.35520833333333335 0.014453125 0.0203125
1 0.865625 0.5078125 0.016796875 0.021875
1 0.834375 0.5911458333333334 0.0171875 0.0203125
1 0.971875 0.684375 0.016015625 0.020833333333333332
1 0.722265625 0.07552083333333333 0.016015625 0.0203125
1 0.66328125 0.027083333333333334 0.018359375 0.019791666666666666
1 0.573046875 0.1390625 0.01875 0.024479166666666666
0 0.3734375 0.3260416666666667 0.016796875 0.019270833333333334
0 0.297265625 0.14635416666666667 0.017578125 0.019270833333333334
0 0.051171875 0.17552083333333332 0.017578125 0.0203125
1 0.58359375 0.24479166666666666 0.01796875 0.020833333333333332
1 0.455859375 0.22552083333333334 0.01640625 0.024479166666666666
1 0.54765625 0.5791666666666667 0.0171875 0.021875
1 0.8171875 0.7078125 0.0375 0.049479166666666664