1 0.8375 0.83125 0.055078125 0.078125
1 0.486328125 0.5166666666666667 0.062109375 0.08333333333333333
1 0.832421875 0.2890625 0.028515625 0.036458333333333336
1 0.03046875 0.035416666666666666 0.020703125 0.024479166666666666
1 0.259375 0.7671875 0.02421875 0.034375
1 0.863671875 0.030729166666666665 0.0578125 0.06145833333333333
1 0.291796875 0.013541666666666667 0.0265625 0.027083333333333334
1 0.751953125 0.453125 0.015234375 0.015625
1 0.074609375 0.06354166666666666 0.02890625 0.03177083333333333
1 0.812890625 0.7401041666666667 0.02578125 0.03333333333333333
0 0.62109375 0.7119791666666667 0.026171875 0.027604166666666666
0 0.129296875 0.4578125 0.02265625 0.0328125
1 0.03125 0.3854166666666667 0.0625 0.08125
1 0.605859375 0.178125 0.02421875 0.03125
1 0.320703125 0.39427083333333335 0.02734375 0.033854166666666664
1 0.422265625 0.23541666666666666 0.067578125 0.08072916666666667