1 0.3796875 0.31927083333333334 0.019921875 0.021875
1 0.941796875 0.8973958333333333 0.01171875 0.017708333333333333
1 0.60859375 0.10520833333333333 0.018359375 0.021875
1 0.467578125 0.03697916666666667 0.01640625 0.019270833333333334
1 0.051953125 0.5984375 0.0484375 0.06458333333333334
0 0.745703125 0.3390625 0.037890625 0.05572916666666667
1 0.833203125 0.4192708333333333 0.017578125 0.024479166666666666
1 0.87265625 0.15 0.038671875 0.05625
1 0.899609375 0.215625 0.015625 0.021875
1 0.619140625 0.5072916666666667 0.016796875 0.026041666666666668
1 0.99453125 0.96875 0.0109375 0.026041666666666668
1 0.6140625 0.9942708333333333 0.015625 0.011458333333333333
1 0.56015625 0.8286458333333333 0.018359375 0.022916666666666665
0 0.08125 0.20260416666666667 0.01796875 0.0171875
0 0.262109375 0.7239583333333334 0.0125 0.013541666666666667
1 0.166015625 0.9953125 0.01640625 0.009375
1 0.153125 0.3578125 0.04375 0.05260416666666667
0 0.47421875 0.70625 0.014453125 0.019791666666666666
1 0.3078125 0.15833333333333333 0.016796875 0.024479166666666666