1 0.649609375 0.4661458333333333 0.015625 0.023958333333333335
0 0.490625 0.3671875 0.015625 0.03125
0 0.394140625 0.40625 0.025390625 0.042708333333333334
1 0.52890625 0.32447916666666665 0.009375 0.011979166666666667
1 0.799609375 0.86875 0.025390625 0.03333333333333333
1 0.4578125 0.31302083333333336 0.025390625 0.03125
1 0.4296875 0.5630208333333333 0.0234375 0.0328125
1 0.573046875 0.9041666666666667 0.025 0.030208333333333334
0 0.671875 0.5713541666666667 0.025 0.035416666666666666
1 0.24296875 0.20729166666666668 0.0609375 0.08802083333333334
1 0.12734375 0.32916666666666666 0.05625 0.075
1 0.2453125 0.5578125 0.023828125 0.034375
1 0.397265625 0.628125 0.026953125 0.034895833333333334
1 0.494921875 0.7989583333333333 0.025390625 0.03697916666666667
1 0.86796875 0.6723958333333333 0.065625 0.0890625
1 0.473046875 0.171875 0.022265625 0.028645833333333332
1 0.507421875 0.5270833333333333 0.0234375 0.0328125
0 0.44921875 0.49583333333333335 0.027734375 0.033854166666666664
1 0.411328125 0.3046875 0.023828125 0.03333333333333333
1 0.54296875 0.19270833333333334 0.029296875 0.033854166666666664
0 0.3078125 0.8963541666666667 0.028515625 0.03697916666666667
0 0.52734375 0.7932291666666667 0.03359375 0.04114583333333333
0 0.84375 0.8453125 0.027734375 0.03125
1 0.574609375 0.528125 0.025390625 0.03125
1 0.472265625 0.019791666666666666 0.02734375 0.03958333333333333
1 0.36015625 0.2109375 0.021484375 0.029166666666666667
1 0.426171875 0.7223958333333333 0.030078125 0.04479166666666667
0 0.38359375 0.5208333333333334 0.022265625 0.025520833333333333
1 0.32890625 0.6015625 0.02421875 0.035416666666666666
1 0.719140625 0.7604166666666666 0.023828125 0.036458333333333336
1 0.610546875 0.21354166666666666 0.02734375 0.034895833333333334
1 0.21328125 0.33958333333333335 0.02109375 0.0375
0 0.2390625 0.8609375 0.065625 0.0921875