0 0.683203125 0.721875 0.03671875 0.044270833333333336
1 0.9578125 0.35572916666666665 0.01875 0.022916666666666665
0 0.96171875 0.7276041666666667 0.018359375 0.025520833333333333
0 0.901171875 0.9640625 0.03515625 0.046875
0 0.8640625 0.7505208333333333 0.0171875 0.01875
0 0.63984375 0.7286458333333333 0.01796875 0.020833333333333332
0 0.5546875 0.49895833333333334 0.017578125 0.024479166666666666
1 0.00703125 0.5364583333333334 0.013671875 0.0265625
1 0.467578125 0.015625 0.017578125 0.023958333333333335
1 0.2265625 0.13333333333333333 0.01953125 0.021354166666666667
1 0.128515625 0.021875 0.020703125 0.022395833333333334
1 0.616796875 0.22552083333333334 0.016015625 0.022395833333333334
1 0.758984375 0.64375 0.0171875 0.021875
0 0.771484375 0.09739583333333333 0.01953125 0.0203125
0 0.855078125 0.11666666666666667 0.0171875 0.019791666666666666
1 0.296484375 0.8963541666666667 0.0421875 0.05416666666666667
1 0.475 0.8380208333333333 0.03984375 0.0515625
0 0.911328125 0.6614583333333334 0.04375 0.05
1 0.364453125 0.9505208333333334 0.01953125 0.020833333333333332
0 0.264453125 0.528125 0.01875 0.022916666666666665
0 0.244921875 0.890625 0.016796875 0.022395833333333334
0 0.019140625 0.9088541666666666 0.019140625 0.022395833333333334
1 0.40546875 0.17083333333333334 0.0171875 0.023958333333333335
1 0.183203125 0.34322916666666664 0.015625 0.022916666666666665
1 0.6609375 0.46041666666666664 0.01875 0.0234375
1 0.501171875 0.6848958333333334 0.019140625 0.0234375
1 0.603515625 0.353125 0.016796875 0.0203125
1 0.078515625 0.7729166666666667 0.0171875 0.023958333333333335
0 0.453125 0.94375 0.017578125 0.024479166666666666
1 0.35 0.6765625 0.019140625 0.020833333333333332
1 0.5484375 0.86875 0.01875 0.022395833333333334
1 0.719921875 0.9510416666666667 0.01796875 0.020833333333333332
1 0.1609375 0.9875 0.0171875 0.022916666666666665
1 0.10546875 0.9302083333333333 0.01875 0.024479166666666666
1 0.553125 0.6270833333333333 0.0203125 0.026041666666666668
1 0.43828125 0.5395833333333333 0.01875 0.0234375
0 0.333984375 0.015104166666666667 0.0171875 0.0203125
1 0.0921875 0.246875 0.019921875 0.020833333333333332
1 0.70078125 0.2994791666666667 0.01796875 0.021875
1 0.164453125 0.8307291666666666 0.023828125 0.017708333333333333
1 0.86015625 0.278125 0.040234375 0.0515625
1 0.60625 0.8890625 0.01953125 0.025520833333333333
1 0.76484375 0.7484375 0.01875 0.021875
1 0.023828125 0.4515625 0.019921875 0.021875
1 0.15078125 0.6661458333333333 0.01796875 0.025520833333333333
1 0.321484375 0.39895833333333336 0.019140625 0.021875
0 0.11875 0.4947916666666667 0.048046875 0.05416666666666667
1 0.34375 0.27760416666666665 0.04140625 0.052083333333333336