1 0.825 0.9505208333333334 0.017578125 0.024479166666666666
1 0.31171875 0.13854166666666667 0.016796875 0.026041666666666668
1 0.488671875 0.2916666666666667 0.016796875 0.023958333333333335
1 0.183984375 0.6666666666666666 0.01796875 0.025520833333333333
0 0.366796875 0.9088541666666666 0.01484375 0.021354166666666667
1 0.875 0.059895833333333336 0.01875 0.024479166666666666
0 0.54453125 0.55625 0.04375 0.0578125
0 0.31640625 0.7395833333333334 0.016015625 0.01875
1 0.0171875 0.71875 0.034375 0.0625
1 0.725390625 0.1875 0.0203125 0.0265625
1 0.61953125 0.020833333333333332 0.019140625 0.022916666666666665
0 0.772265625 0.4432291666666667 0.015625 0.021354166666666667
1 0.048828125 0.28489583333333335 0.01953125 0.028645833333333332
0 0.0796875 0.078125 0.01796875 0.0234375
0 0.012890625 0.050520833333333334 0.015234375 0.019270833333333334
1 0.18984375 0.08020833333333334 0.01796875 0.021354166666666667
0 0.097265625 0.14635416666666667 0.015234375 0.0171875
0 0.147265625 0.50625 0.01875 0.022395833333333334
1 0.516796875 0.12604166666666666 0.0171875 0.022395833333333334
1 0.975 0.24583333333333332 0.018359375 0.0234375
1 0.927734375 0.259375 0.0171875 0.027083333333333334
1 0.35703125 0.7723958333333333 0.041796875 0.053125
0 0.6609375 0.80625 0.040625 0.059375
1 0.752734375 0.7958333333333333 0.019140625 0.027083333333333334
1 0.40703125 0.15989583333333332 0.017578125 0.020833333333333332
0 0.729296875 0.43072916666666666 0.055859375 0.0765625
0 0.1328125 0.7552083333333334 0.0125 0.016666666666666666
0 0.359765625 0.5786458333333333 0.0140625 0.022395833333333334
0 0.49609375 0.6875 0.01640625 0.019270833333333334
1 0.02734375 0.3854166666666667 0.015625 0.03125
0 0.957421875 0.08333333333333333 0.0203125 0.0234375
1 0.959765625 0.184375 0.016796875 0.021875
0 0.31015625 0.4078125 0.018359375 0.021875
1 0.18359375 0.23177083333333334 0.037890625 0.04791666666666667
1 0.288671875 0.5317708333333333 0.039453125 0.053125
0 0.64296875 0.121875 0.04375 0.057291666666666664
1 0.94375 0.6270833333333333 0.021875 0.020833333333333332
0 0.704296875 0.6489583333333333 0.014453125 0.0234375
0 0.511328125 0.8291666666666667 0.01640625 0.021354166666666667