1 0.62890625 0.928125 0.01953125 0.022916666666666665
1 0.455078125 0.2421875 0.023046875 0.025
1 0.795703125 0.018229166666666668 0.0140625 0.019270833333333334
1 0.18515625 0.9203125 0.0171875 0.019270833333333334
1 0.378515625 0.11666666666666667 0.01875 0.0234375
1 0.69375 0.2635416666666667 0.01875 0.023958333333333335
0 0.25625 0.04895833333333333 0.040234375 0.051041666666666666
1 0.45 0.6005208333333333 0.04296875 0.06041666666666667
1 0.775390625 0.209375 0.01875 0.023958333333333335
1 0.7328125 0.09010416666666667 0.02109375 0.025
1 0.308984375 0.2125 0.018359375 0.025
1 0.368359375 0.2765625 0.01796875 0.023958333333333335
1 0.387890625 0.3296875 0.01953125 0.0265625
1 0.244921875 0.3229166666666667 0.019140625 0.028125
1 0.029296875 0.5020833333333333 0.021875 0.028645833333333332
1 0.151171875 0.5645833333333333 0.01796875 0.027083333333333334
1 0.2703125 0.8651041666666667 0.01875 0.027083333333333334
1 0.399609375 0.8953125 0.0203125 0.027083333333333334
1 0.4625 0.98125 0.015625 0.027604166666666666
1 0.201171875 0.6984375 0.02109375 0.025
1 0.102734375 0.6135416666666667 0.01796875 0.025520833333333333
1 0.877734375 0.321875 0.047265625 0.059375
1 0.098828125 0.5901041666666667 0.034375 0.04010416666666667
1 0.06015625 0.35625 0.019140625 0.025520833333333333
1 0.855078125 0.12135416666666667 0.021875 0.022916666666666665
1 0.88203125 0.4703125 0.019921875 0.027604166666666666
1 0.59921875 0.609375 0.01640625 0.0265625
1 0.7375 0.7239583333333334 0.020703125 0.0234375
1 0.76015625 0.6192708333333333 0.019140625 0.027604166666666666
1 0.882421875 0.7791666666666667 0.021875 0.0234375
1 0.865234375 0.8817708333333333 0.0171875 0.028645833333333332
1 0.446875 0.746875 0.017578125 0.028645833333333332
1 0.33125 0.8098958333333334 0.0421875 0.05520833333333333
1 0.51328125 0.43802083333333336 0.01953125 0.025
1 0.66953125 0.44114583333333335 0.021875 0.024479166666666666
0 0.79921875 0.5270833333333333 0.048828125 0.06354166666666666
1 0.586328125 0.09114583333333333 0.043359375 0.059895833333333336
1 0.017578125 0.28020833333333334 0.011328125 0.01875
0 0.007421875 0.5583333333333333 0.01484375 0.027604166666666666
0 0.030078125 0.7489583333333333 0.0203125 0.025
1 0.098046875 0.7578125 0.0421875 0.051041666666666666
1 0.157421875 0.8911458333333333 0.01953125 0.026041666666666668
1 0.644921875 0.7947916666666667 0.044921875 0.058333333333333334
1 0.69140625 0.6578125 0.020703125 0.025
0 0.901171875 0.9916666666666667 0.02109375 0.016666666666666666
1 0.25625 0.5442708333333334 0.047265625 0.05677083333333333
1 0.598828125 0.2635416666666667 0.04140625 0.0515625
1 0.546875 0.41875 0.04140625 0.05520833333333333
1 0.6078125 0.1578125 0.0171875 0.021875
1 0.221484375 0.21354166666666666 0.0203125 0.022916666666666665