0 0.0046875 0.8229166666666666 0.009375 0.01875
1 0.54921875 0.3328125 0.0171875 0.0234375
1 0.80078125 0.43645833333333334 0.01875 0.019791666666666666
1 0.80625 0.684375 0.01640625 0.0234375
1 0.51875 0.8583333333333333 0.017578125 0.0234375
1 0.1828125 0.7682291666666666 0.01875 0.019791666666666666
1 0.49765625 0.0953125 0.01875 0.027604166666666666
1 0.086328125 0.07395833333333333 0.01796875 0.021354166666666667
1 0.446875 0.44114583333333335 0.0421875 0.05364583333333333
1 0.958203125 0.8026041666666667 0.042578125 0.05260416666666667
0 0.2625 0.5963541666666666 0.0453125 0.05416666666666667
1 0.634765625 0.4661458333333333 0.017578125 0.026041666666666668
1 0.97421875 0.584375 0.030859375 0.05
1 0.083984375 0.7484375 0.03203125 0.05416666666666667
1 0.1421875 0.5875 0.01796875 0.025520833333333333
1 0.120703125 0.46822916666666664 0.018359375 0.023958333333333335
1 0.053515625 0.39010416666666664 0.017578125 0.024479166666666666
1 0.078515625 0.3984375 0.0171875 0.017708333333333333
1 0.289453125 0.32760416666666664 0.018359375 0.023958333333333335
1 0.3578125 0.7708333333333334 0.041796875 0.053125
0 0.280078125 0.1 0.017578125 0.021354166666666667
1 0.525390625 0.5708333333333333 0.01640625 0.027083333333333334
0 0.415234375 0.7203125 0.01484375 0.019270833333333334
1 0.63828125 0.7078125 0.022265625 0.040625
1 0.755859375 0.5869791666666667 0.021875 0.03125
0 0.840625 0.846875 0.0171875 0.019270833333333334
0 0.89765625 0.9671875 0.01953125 0.0171875
0 0.9234375 0.40989583333333335 0.015234375 0.020833333333333332
1 0.726171875 0.5489583333333333 0.02109375 0.0296875
1 0.006640625 0.26458333333333334 0.01328125 0.027083333333333334
1 0.726171875 0.09635416666666667 0.036328125 0.052083333333333336
1 0.8953125 0.315625 0.043359375 0.059895833333333336
0 0.912109375 0.09427083333333333 0.0171875 0.026041666666666668
0 0.825390625 0.25 0.016015625 0.022916666666666665
0 0.387109375 0.33645833333333336 0.016796875 0.021875
1 0.08828125 0.2328125 0.015625 0.022395833333333334
1 0.187890625 0.15260416666666668 0.05234375 0.06041666666666667
1 0.33671875 0.17395833333333333 0.016796875 0.019791666666666666
1 0.7171875 0.7354166666666667 0.017578125 0.025
0 0.858203125 0.021354166666666667 0.016015625 0.022916666666666665
1 0.928125 0.6895833333333333 0.01796875 0.0234375
1 0.03359375 0.007291666666666667 0.012890625 0.014583333333333334
0 0.064453125 0.8822916666666667 0.041015625 0.0515625
1 0.36171875 0.584375 0.01640625 0.023958333333333335