0 0.662890625 0.07916666666666666 0.016796875 0.0234375
1 0.792578125 0.3260416666666667 0.013671875 0.01875
0 0.95 0.3380208333333333 0.019140625 0.020833333333333332
0 0.5625 0.8942708333333333 0.022265625 0.0234375
0 0.6125 0.7609375 0.039453125 0.034895833333333334
0 0.56484375 0.5932291666666667 0.055859375 0.059375
0 0.972265625 0.5854166666666667 0.016796875 0.020833333333333332
0 0.0359375 0.06354166666666666 0.0421875 0.057291666666666664
0 0.909375 0.8125 0.01875 0.025
0 0.88828125 0.9588541666666667 0.0484375 0.059895833333333336
0 0.6921875 0.875 0.026171875 0.05260416666666667
1 0.75625 0.9666666666666667 0.01171875 0.018229166666666668
0 0.86328125 0.18125 0.016015625 0.021875
0 0.614453125 0.2171875 0.04375 0.05625
0 0.534765625 0.825 0.0203125 0.021354166666666667
1 0.45859375 0.128125 0.01328125 0.01875
0 0.08515625 0.3885416666666667 0.0203125 0.0203125
1 0.773046875 0.8708333333333333 0.014453125 0.015625
0 0.733203125 0.7760416666666666 0.01328125 0.016666666666666666
1 0.473046875 0.03802083333333333 0.015625 0.016145833333333335
0 0.579296875 0.026041666666666668 0.012890625 0.023958333333333335
1 0.740234375 0.6942708333333333 0.015234375 0.0234375
1 0.276953125 0.2921875 0.01640625 0.017708333333333333
0 0.5890625 0.46822916666666664 0.01328125 0.022916666666666665
1 0.601171875 0.03177083333333333 0.02109375 0.0171875
1 0.19375 0.35052083333333334 0.013671875 0.019791666666666666
0 0.4046875 0.459375 0.015234375 0.019270833333333334
0 0.780078125 0.384375 0.0171875 0.025
0 0.83515625 0.5223958333333333 0.018359375 0.026041666666666668
0 0.630859375 0.7984375 0.01328125 0.017708333333333333
0 0.358203125 0.14270833333333333 0.0171875 0.026041666666666668
0 0.0203125 0.31875 0.0125 0.0234375
0 0.395703125 0.6447916666666667 0.04140625 0.05520833333333333
0 0.70703125 0.9505208333333334 0.01796875 0.022916666666666665
0 0.48984375 0.25729166666666664 0.0171875 0.019270833333333334
0 0.14296875 0.8760416666666667 0.019140625 0.0265625
1 0.180859375 0.24895833333333334 0.015625 0.019270833333333334
0 0.11171875 0.45260416666666664 0.019921875 0.0234375
0 0.943359375 0.665625 0.041015625 0.05260416666666667
1 0.221484375 0.4666666666666667 0.021484375 0.025
0 0.11953125 0.07083333333333333 0.01953125 0.022395833333333334
0 0.44765625 0.24270833333333333 0.01015625 0.015625