1 0.30703125 0.09635416666666667 0.012109375 0.016145833333333335
1 0.241015625 0.11458333333333333 0.016796875 0.0234375
0 0.88515625 0.7479166666666667 0.038671875 0.0484375
1 0.559765625 0.0515625 0.01015625 0.013541666666666667
0 0.39609375 0.8166666666666667 0.01953125 0.025
0 0.558984375 0.9796875 0.021875 0.021354166666666667
1 0.62265625 0.4713541666666667 0.02109375 0.027083333333333334
0 0.0796875 0.8234375 0.05 0.0515625
0 0.784375 0.10677083333333333 0.047265625 0.049479166666666664
0 0.76015625 0.7838541666666666 0.02109375 0.020833333333333332
0 0.557421875 0.23802083333333332 0.021484375 0.024479166666666666
0 0.791015625 0.42552083333333335 0.0203125 0.027604166666666666
0 0.183984375 0.8354166666666667 0.02109375 0.027604166666666666
1 0.648046875 0.8619791666666666 0.014453125 0.018229166666666668
0 0.616015625 0.8260416666666667 0.015625 0.019270833333333334
0 0.58046875 0.6723958333333333 0.019140625 0.0234375
1 0.331640625 0.019270833333333334 0.042578125 0.03854166666666667
1 0.23671875 0.23229166666666667 0.01953125 0.020833333333333332
0 0.054296875 0.04583333333333333 0.021875 0.024479166666666666
0 0.41953125 0.16458333333333333 0.019921875 0.027604166666666666
0 0.1203125 0.20416666666666666 0.01953125 0.021875
1 0.090625 0.6333333333333333 0.019921875 0.025520833333333333
1 0.449609375 0.6703125 0.014453125 0.01875
0 0.7578125 0.5057291666666667 0.050390625 0.06145833333333333
1 0.00625 0.6291666666666667 0.01171875 0.016666666666666666
0 0.78203125 0.9161458333333333 0.01484375 0.021354166666666667
0 0.24765625 0.559375 0.019140625 0.028645833333333332
0 0.278125 0.4203125 0.049609375 0.059895833333333336
1 0.45234375 0.99375 0.01796875 0.0125
0 0.71796875 0.07239583333333334 0.01953125 0.021354166666666667
0 0.8265625 0.24114583333333334 0.01796875 0.0203125
0 0.9765625 0.36822916666666666 0.020703125 0.021875
0 0.396484375 0.27708333333333335 0.020703125 0.022395833333333334
1 0.307421875 0.9494791666666667 0.020703125 0.022395833333333334
1 0.847265625 0.6682291666666667 0.0171875 0.0203125