0 0.717578125 0.44375 0.046484375 0.057291666666666664
0 0.78203125 0.14010416666666667 0.045703125 0.052083333333333336
1 0.60859375 0.26875 0.0265625 0.04010416666666667
0 0.267578125 0.771875 0.015234375 0.021354166666666667
1 0.97421875 0.13020833333333334 0.049609375 0.0953125
0 0.825 0.5286458333333334 0.016796875 0.019791666666666666
0 0.19921875 0.725 0.0171875 0.019270833333333334
1 0.50859375 0.9520833333333333 0.0125 0.017708333333333333
1 0.4015625 0.8979166666666667 0.01328125 0.016145833333333335
1 0.836328125 0.8041666666666667 0.016796875 0.022916666666666665
0 0.902734375 0.9807291666666667 0.05 0.03802083333333333
0 0.251171875 0.6447916666666667 0.049609375 0.05677083333333333
0 0.823828125 0.04635416666666667 0.01875 0.023958333333333335
0 0.24140625 0.334375 0.021484375 0.019270833333333334
0 0.1390625 0.5666666666666667 0.015234375 0.022916666666666665
0 0.340625 0.46875 0.01328125 0.018229166666666668
1 0.33828125 0.9208333333333333 0.01328125 0.0265625
0 0.383203125 0.3770833333333333 0.012109375 0.016145833333333335
0 0.454296875 0.465625 0.0203125 0.01875
0 0.5625 0.5151041666666667 0.016015625 0.01875
0 0.720703125 0.7427083333333333 0.019140625 0.03229166666666667
0 0.696484375 0.33958333333333335 0.023828125 0.021354166666666667
0 0.616796875 0.13854166666666667 0.016796875 0.016666666666666666
0 0.493359375 0.8526041666666667 0.016015625 0.01875
0 0.133203125 0.14791666666666667 0.0171875 0.022395833333333334
0 0.025390625 0.7369791666666666 0.0140625 0.020833333333333332
0 0.21484375 0.9661458333333334 0.043359375 0.05
0 0.8828125 0.38958333333333334 0.012109375 0.015625
0 0.328515625 0.9791666666666666 0.01484375 0.022916666666666665
0 0.446484375 0.9104166666666667 0.046875 0.057291666666666664
1 0.898046875 0.6328125 0.011328125 0.0140625
0 0.564453125 0.8119791666666667 0.04375 0.0453125
0 0.900390625 0.4661458333333333 0.018359375 0.024479166666666666
0 0.562890625 0.029166666666666667 0.01484375 0.015625
0 0.09921875 0.9666666666666667 0.0203125 0.022395833333333334
0 0.123828125 0.3145833333333333 0.04140625 0.05520833333333333
0 0.651953125 0.8390625 0.018359375 0.019270833333333334
1 0.39609375 0.2598958333333333 0.059375 0.052083333333333336
0 0.50234375 0.68125 0.0171875 0.0203125
1 0.434765625 0.8354166666666667 0.012109375 0.0140625