1 0.196875 0.8989583333333333 0.009765625 0.013541666666666667
0 0.43203125 0.8489583333333334 0.0203125 0.021354166666666667
0 0.409765625 0.026041666666666668 0.016015625 0.019270833333333334
0 0.284375 0.75 0.02109375 0.025
0 0.95703125 0.38385416666666666 0.012109375 0.0171875
1 0.247265625 0.17395833333333333 0.016796875 0.021875
0 0.990234375 0.28177083333333336 0.016015625 0.022916666666666665
1 0.3375 0.5109375 0.020703125 0.023958333333333335
0 0.89921875 0.8734375 0.01171875 0.016666666666666666
0 0.24921875 0.08020833333333334 0.037109375 0.04479166666666667
0 0.06640625 0.5338541666666666 0.017578125 0.019270833333333334
1 0.7140625 0.22395833333333334 0.0203125 0.0234375
0 0.03984375 0.6734375 0.052734375 0.05416666666666667
0 0.180078125 0.4119791666666667 0.021484375 0.027604166666666666
0 0.863671875 0.1484375 0.016796875 0.022916666666666665
1 0.80703125 0.3796875 0.01953125 0.026041666666666668
0 0.8546875 0.5697916666666667 0.016796875 0.0296875
1 0.678125 0.740625 0.0203125 0.022916666666666665
0 0.504296875 0.23125 0.016015625 0.019270833333333334
0 0.59453125 0.8276041666666667 0.042578125 0.0515625
1 0.83671875 0.8057291666666667 0.016015625 0.027604166666666666
0 0.6765625 0.41510416666666666 0.02109375 0.020833333333333332
0 0.743359375 0.022916666666666665 0.046875 0.0453125
0 0.243359375 0.3729166666666667 0.043359375 0.0546875
1 0.067578125 0.0453125 0.0171875 0.026041666666666668
0 0.362890625 0.9208333333333333 0.01796875 0.028125
0 0.61796875 0.15520833333333334 0.01875 0.025
1 0.0765625 0.7552083333333334 0.01875 0.025
0 0.367578125 0.15 0.019921875 0.024479166666666666
0 0.931640625 0.6614583333333334 0.05078125 0.06145833333333333
1 0.566796875 0.4901041666666667 0.01328125 0.018229166666666668
0 0.46171875 0.38385416666666666 0.016796875 0.0234375