0 0.329296875 0.3729166666666667 0.0296875 0.03958333333333333
0 0.98125 0.9770833333333333 0.037109375 0.04583333333333333
0 0.6390625 0.603125 0.012109375 0.016145833333333335
1 0.358203125 0.22135416666666666 0.01328125 0.021875
0 0.15703125 0.5239583333333333 0.01796875 0.0203125
1 0.130078125 0.621875 0.01015625 0.019791666666666666
0 0.31953125 0.6807291666666667 0.01328125 0.022395833333333334
1 0.986328125 0.6265625 0.01640625 0.020833333333333332
0 0.604296875 0.090625 0.016796875 0.027604166666666666
0 0.608203125 0.9723958333333333 0.01328125 0.0296875
0 0.336328125 0.9765625 0.01171875 0.013020833333333334
0 0.891015625 0.7239583333333334 0.014453125 0.015104166666666667
1 0.939453125 0.7609375 0.010546875 0.015625
1 0.622265625 0.8453125 0.015234375 0.033854166666666664
0 0.375 0.16041666666666668 0.018359375 0.022395833333333334
0 0.59296875 0.7057291666666666 0.046484375 0.059375
1 0.84375 0.7994791666666666 0.02109375 0.024479166666666666
0 0.29140625 0.7010416666666667 0.019921875 0.020833333333333332
0 0.1109375 0.6489583333333333 0.0171875 0.024479166666666666
0 0.696484375 0.14791666666666667 0.019921875 0.015625
0 0.59375 0.44479166666666664 0.012890625 0.0265625
0 0.658203125 0.5239583333333333 0.013671875 0.020833333333333332
1 0.618359375 0.7 0.010546875 0.015625
0 0.675 0.796875 0.012890625 0.013541666666666667
0 0.69296875 0.815625 0.012109375 0.0125
0 0.826953125 0.13541666666666666 0.0109375 0.020833333333333332
1 0.3390625 0.8552083333333333 0.008984375 0.011979166666666667
0 0.510546875 0.3463541666666667 0.0171875 0.024479166666666666
1 0.700390625 0.4890625 0.016015625 0.018229166666666668
0 0.906640625 0.13697916666666668 0.04609375 0.058333333333333334
1 0.971875 0.24739583333333334 0.0125 0.0171875
0 0.6921875 0.8895833333333333 0.019921875 0.028645833333333332
0 0.880078125 0.9833333333333333 0.016015625 0.021354166666666667