1 0.4015625 0.6838541666666667 0.02421875 0.03333333333333333
1 0.00859375 0.7770833333333333 0.0171875 0.03958333333333333
0 0.139453125 0.5875 0.028515625 0.0328125
0 0.23203125 0.8114583333333333 0.027734375 0.030729166666666665
0 0.621875 0.9130208333333333 0.030078125 0.034375
0 0.8515625 0.8557291666666667 0.0296875 0.030729166666666665
1 0.85390625 0.5911458333333334 0.0140625 0.018229166666666668
0 0.397265625 0.85 0.028125 0.029166666666666667
1 0.494921875 0.6583333333333333 0.0171875 0.024479166666666666
0 0.65546875 0.7520833333333333 0.024609375 0.035416666666666666
0 0.040625 0.6630208333333333 0.020703125 0.03125