0 0.1546875 0.8427083333333333 0.028515625 0.0375
1 0.271484375 0.3802083333333333 0.013671875 0.022395833333333334
0 0.00390625 0.7296875 0.007421875 0.013541666666666667
0 0.8125 0.6979166666666666 0.026953125 0.0375
0 0.82421875 0.55 0.031640625 0.028645833333333332
1 0.859375 0.4947916666666667 0.028125 0.04895833333333333
0 0.806640625 0.6255208333333333 0.02578125 0.033854166666666664
1 0.484375 0.29010416666666666 0.020703125 0.027083333333333334
1 0.978515625 0.453125 0.024609375 0.03229166666666667
0 0.85625 0.1296875 0.0203125 0.0390625
1 0.45703125 0.38125 0.036328125 0.021354166666666667
0 0.621875 0.5854166666666667 0.03125 0.0328125
1 0.13359375 0.434375 0.02890625 0.034375
1 0.33828125 0.1890625 0.021875 0.027604166666666666
0 0.4234375 0.86875 0.022265625 0.034895833333333334
1 0.55 0.6895833333333333 0.02109375 0.03177083333333333
0 0.62265625 0.22395833333333334 0.06953125 0.090625
0 0.187109375 0.7 0.022265625 0.033854166666666664
0 0.05625 0.31666666666666665 0.0125 0.01875