0 0.121484375 0.9703125 0.019921875 0.028125
0 0.010546875 0.8041666666666667 0.01875 0.026041666666666668
1 0.704296875 0.8609375 0.01796875 0.024479166666666666
0 0.461328125 0.75 0.01953125 0.025
0 0.199609375 0.15625 0.01796875 0.022916666666666665
0 0.994921875 0.0875 0.01015625 0.017708333333333333
1 0.047265625 0.0578125 0.0484375 0.06354166666666666
1 0.382421875 0.0609375 0.01328125 0.017708333333333333
0 0.254296875 0.014583333333333334 0.0140625 0.0171875
0 0.88125 0.0671875 0.03984375 0.05625
0 0.530859375 0.1078125 0.039453125 0.04739583333333333
0 0.9515625 0.4796875 0.016796875 0.01875
0 0.893359375 0.321875 0.01484375 0.021354166666666667
1 0.990234375 0.4010416666666667 0.019140625 0.0515625
0 0.7515625 0.1109375 0.015234375 0.0234375
0 0.712109375 0.6182291666666667 0.013671875 0.023958333333333335
0 0.780859375 0.49270833333333336 0.01328125 0.021354166666666667
0 0.159765625 0.696875 0.016015625 0.023958333333333335
0 0.106640625 0.7270833333333333 0.016796875 0.021354166666666667
0 0.301953125 0.4473958333333333 0.017578125 0.023958333333333335
0 0.368359375 0.478125 0.018359375 0.021875
0 0.34609375 0.5614583333333333 0.043359375 0.06458333333333334
0 0.120703125 0.5723958333333333 0.038671875 0.05520833333333333
0 0.211328125 0.49322916666666666 0.0203125 0.0234375
0 0.536328125 0.9770833333333333 0.019140625 0.023958333333333335
0 0.965234375 0.7203125 0.044921875 0.05
0 0.03671875 0.4630208333333333 0.01953125 0.025
1 0.14296875 0.74375 0.011328125 0.01875
0 0.396484375 0.9640625 0.0171875 0.023958333333333335
0 0.430859375 0.12760416666666666 0.0171875 0.022916666666666665
0 0.897265625 0.9 0.017578125 0.019791666666666666
1 0.55078125 0.4484375 0.0140625 0.015625
0 0.435546875 0.37083333333333335 0.01875 0.0234375
0 0.804296875 0.9520833333333333 0.016015625 0.028645833333333332
1 0.64140625 0.6145833333333334 0.01875 0.025520833333333333
1 0.600390625 0.9864583333333333 0.04921875 0.027083333333333334
0 0.75390625 0.8 0.035546875 0.050520833333333334
1 0.6796875 0.3458333333333333 0.021875 0.022395833333333334