0 0.11484375 0.6890625 0.0171875 0.0171875
1 0.46015625 0.39166666666666666 0.019140625 0.027604166666666666
1 0.24609375 0.9677083333333333 0.04140625 0.049479166666666664
0 0.2234375 0.6640625 0.01953125 0.0234375
0 0.541015625 0.8291666666666667 0.048046875 0.06041666666666667
0 0.886328125 0.7020833333333333 0.041015625 0.06510416666666667
0 0.42734375 0.08645833333333333 0.04140625 0.06145833333333333
0 0.633203125 0.7427083333333333 0.01484375 0.022395833333333334
0 0.25 0.2296875 0.01796875 0.026041666666666668
1 0.158203125 0.45260416666666664 0.0125 0.016666666666666666
1 0.203125 0.32395833333333335 0.0125 0.018229166666666668
0 0.6484375 0.3463541666666667 0.017578125 0.022916666666666665
0 0.085546875 0.24791666666666667 0.042578125 0.0546875
1 0.31875 0.4083333333333333 0.016015625 0.018229166666666668
1 0.316796875 0.20885416666666667 0.0125 0.015625
0 0.762109375 0.08854166666666667 0.01953125 0.024479166666666666
1 0.43046875 0.5447916666666667 0.016015625 0.03125
0 0.323046875 0.340625 0.014453125 0.017708333333333333
0 0.34140625 0.8916666666666667 0.016796875 0.020833333333333332
0 0.212109375 0.221875 0.0171875 0.021354166666666667
0 0.39921875 0.27447916666666666 0.01640625 0.020833333333333332
1 0.446484375 0.8427083333333333 0.015234375 0.0171875
1 0.500390625 0.7973958333333333 0.015625 0.019270833333333334
1 0.424609375 0.8979166666666667 0.015625 0.017708333333333333
1 0.712890625 0.2328125 0.013671875 0.01875
1 0.3046875 0.2677083333333333 0.0140625 0.016145833333333335
1 0.2875 0.3067708333333333 0.0140625 0.016666666666666666
1 0.3265625 0.2890625 0.01640625 0.0171875
1 0.45234375 0.29270833333333335 0.018359375 0.0203125
1 0.400390625 0.15416666666666667 0.015625 0.01875
1 0.322265625 0.08177083333333333 0.01640625 0.018229166666666668
1 0.33359375 0.013541666666666667 0.014453125 0.0171875
1 0.38359375 0.010416666666666666 0.014453125 0.0171875
1 0.30703125 0.015104166666666667 0.0140625 0.017708333333333333
1 0.564453125 0.16354166666666667 0.0171875 0.018229166666666668
1 0.281640625 0.16822916666666668 0.013671875 0.0171875
1 0.29375 0.125 0.014453125 0.019270833333333334
1 0.3875 0.1171875 0.016796875 0.0203125
1 0.51953125 0.15104166666666666 0.01640625 0.015625
1 0.93515625 0.8213541666666667 0.012890625 0.017708333333333333
1 0.44765625 0.13854166666666667 0.018359375 0.019270833333333334
1 0.966015625 0.8739583333333333 0.0203125 0.023958333333333335
0 0.85625 0.47604166666666664 0.01953125 0.0296875
1 0.948046875 0.1 0.019921875 0.026041666666666668
1 0.61015625 0.06979166666666667 0.0203125 0.0265625
1 0.8640625 0.1421875 0.043359375 0.05520833333333333
0 0.603515625 0.17864583333333334 0.0203125 0.026041666666666668
1 0.801171875 0.2557291666666667 0.017578125 0.022395833333333334
1 0.688671875 0.11458333333333333 0.048046875 0.058333333333333334
1 0.784375 0.8395833333333333 0.01953125 0.025
0 0.658203125 0.8255208333333334 0.041796875 0.058854166666666666
1 0.370703125 0.6625 0.01328125 0.018229166666666668
0 0.325390625 0.653125 0.01484375 0.019791666666666666
0 0.590234375 0.5729166666666666 0.01953125 0.023958333333333335
0 0.773828125 0.6192708333333333 0.0171875 0.027083333333333334
0 0.505078125 0.5484375 0.040234375 0.06614583333333333
0 0.337890625 0.5692708333333333 0.016015625 0.024479166666666666
0 0.203515625 0.809375 0.019140625 0.024479166666666666
1 0.248046875 0.9020833333333333 0.016015625 0.0328125
0 0.100390625 0.6380208333333334 0.014453125 0.019791666666666666
1 0.137109375 0.546875 0.014453125 0.0171875
1 0.192578125 0.5697916666666667 0.012890625 0.020833333333333332
1 0.14609375 0.659375 0.010546875 0.015104166666666667
0 0.10625 0.5796875 0.016015625 0.021354166666666667
1 0.043359375 0.7927083333333333 0.021484375 0.022916666666666665
0 0.112109375 0.40520833333333334 0.01484375 0.016666666666666666
1 0.034375 0.5067708333333333 0.012109375 0.0171875
1 0.076171875 0.47291666666666665 0.013671875 0.0171875
1 0.120703125 0.049479166666666664 0.01328125 0.017708333333333333
1 0.13828125 0.03229166666666667 0.013671875 0.01875
1 0.233203125 0.4078125 0.01015625 0.0140625
0 0.02109375 0.4276041666666667 0.01875 0.026041666666666668
0 0.098828125 0.1 0.016796875 0.020833333333333332