0 0.68515625 0.9640625 0.018359375 0.018229166666666668
0 0.8953125 0.73125 0.0203125 0.022395833333333334
0 0.774609375 0.13958333333333334 0.021875 0.0234375
0 0.578125 0.4296875 0.01484375 0.019791666666666666
1 0.655859375 0.5255208333333333 0.01328125 0.016145833333333335
1 0.3953125 0.4348958333333333 0.013671875 0.01875
0 0.326953125 0.4375 0.023828125 0.026041666666666668
0 0.81875 0.5307291666666667 0.01484375 0.019270833333333334
0 0.92265625 0.18385416666666668 0.017578125 0.025520833333333333
0 0.651953125 0.7822916666666667 0.015625 0.020833333333333332
1 0.925390625 0.25885416666666666 0.01484375 0.022395833333333334
1 0.810546875 0.771875 0.019140625 0.028125
0 0.362890625 0.8234375 0.015234375 0.022395833333333334
1 0.99375 0.2609375 0.0125 0.021875
0 0.9390625 0.009375 0.016015625 0.01875
1 0.63984375 0.24739583333333334 0.017578125 0.025520833333333333
0 0.7734375 0.771875 0.02109375 0.025
0 0.9046875 0.10885416666666667 0.028125 0.04895833333333333
0 0.95625 0.6770833333333334 0.0375 0.0453125
1 0.75625 0.5005208333333333 0.018359375 0.0234375
0 0.8265625 0.6140625 0.01640625 0.0203125
1 0.332421875 0.9135416666666667 0.018359375 0.025520833333333333
0 0.208984375 0.6578125 0.02578125 0.0265625
1 0.975 0.9348958333333334 0.021875 0.025520833333333333
0 0.353125 0.5395833333333333 0.01953125 0.027083333333333334
0 0.183203125 0.0828125 0.019140625 0.021354166666666667
0 0.358203125 0.15833333333333333 0.019140625 0.026041666666666668
0 0.807421875 0.9645833333333333 0.020703125 0.0203125
0 0.844921875 0.2838541666666667 0.02109375 0.025520833333333333
0 0.5609375 0.3046875 0.04765625 0.042708333333333334
0 0.71640625 0.5822916666666667 0.03828125 0.0515625
0 0.794140625 0.8359375 0.0421875 0.05364583333333333
0 0.029296875 0.3890625 0.0203125 0.021875
0 0.23515625 0.4625 0.03828125 0.05364583333333333
0 0.501171875 0.5182291666666666 0.020703125 0.0234375
1 0.744140625 0.07552083333333333 0.01875 0.021354166666666667
0 0.040625 0.7765625 0.04765625 0.05364583333333333
0 0.959375 0.8145833333333333 0.01796875 0.021875
0 0.5453125 0.35833333333333334 0.016796875 0.022916666666666665
0 0.16796875 0.2864583333333333 0.021484375 0.021875
1 0.66875 0.3703125 0.01875 0.025
0 0.523046875 0.26510416666666664 0.016796875 0.01875
0 0.430078125 0.7546875 0.0453125 0.058854166666666666
0 0.171484375 0.8973958333333333 0.016796875 0.020833333333333332
0 0.984765625 0.0984375 0.01640625 0.019270833333333334
0 0.01015625 0.5541666666666667 0.019921875 0.027604166666666666
0 0.840234375 0.0390625 0.01953125 0.022395833333333334
0 0.575390625 0.559375 0.018359375 0.024479166666666666