0 0.572265625 0.6744791666666666 0.023046875 0.025520833333333333
0 0.674609375 0.6151041666666667 0.061328125 0.065625
0 0.1515625 0.49375 0.024609375 0.027083333333333334
0 0.672265625 0.19166666666666668 0.020703125 0.025520833333333333
0 0.353515625 0.125 0.022265625 0.027604166666666666
1 0.716796875 0.8052083333333333 0.015234375 0.022395833333333334
0 0.065234375 0.26666666666666666 0.021875 0.03177083333333333
0 0.514453125 0.11927083333333334 0.034765625 0.026041666666666668
0 0.89375 0.08958333333333333 0.065625 0.07760416666666667
1 0.59375 0.8177083333333334 0.01796875 0.026041666666666668
1 0.441015625 0.7401041666666667 0.021484375 0.026041666666666668
0 0.89765625 0.5114583333333333 0.025390625 0.0328125
0 0.24921875 0.5588541666666667 0.02265625 0.03177083333333333
1 0.772265625 0.9130208333333333 0.019140625 0.017708333333333333
0 0.503515625 0.7572916666666667 0.065625 0.08229166666666667
1 0.6125 0.7416666666666667 0.026953125 0.027604166666666666
1 0.48828125 0.6505208333333333 0.016796875 0.019270833333333334
0 0.226171875 0.37864583333333335 0.066796875 0.075
0 0.3359375 0.8557291666666667 0.02109375 0.0328125
0 0.173046875 0.8380208333333333 0.063671875 0.07083333333333333
0 0.800390625 0.6541666666666667 0.025 0.028645833333333332
0 0.584765625 0.42864583333333334 0.021484375 0.0265625