1 0.196875 0.6708333333333333 0.019140625 0.024479166666666666
1 0.0125 0.11822916666666666 0.01953125 0.023958333333333335
1 0.277734375 0.030729166666666665 0.022265625 0.028125
1 0.090234375 0.171875 0.01796875 0.029166666666666667
1 0.225 0.15104166666666666 0.021484375 0.028645833333333332
1 0.170703125 0.20052083333333334 0.0203125 0.03125
1 0.103515625 0.2265625 0.019140625 0.025
1 0.053515625 0.25833333333333336 0.01953125 0.029166666666666667
1 0.023828125 0.384375 0.01953125 0.024479166666666666
1 0.094921875 0.36354166666666665 0.02109375 0.0265625
1 0.156640625 0.3234375 0.019140625 0.022916666666666665
1 0.2140625 0.33229166666666665 0.02265625 0.028125
0 0.725 0.14322916666666666 0.042578125 0.059895833333333336
1 0.862890625 0.09739583333333333 0.042578125 0.057291666666666664
1 0.4234375 0.013541666666666667 0.016796875 0.023958333333333335
1 0.40390625 0.018229166666666668 0.020703125 0.027083333333333334
1 0.45390625 0.07604166666666666 0.020703125 0.026041666666666668
1 0.38203125 0.4234375 0.01640625 0.025
1 0.9015625 0.30520833333333336 0.01796875 0.0234375
0 0.46796875 0.7510416666666667 0.016015625 0.022395833333333334
1 0.19296875 0.41875 0.016796875 0.024479166666666666
1 0.200390625 0.09375 0.0140625 0.030729166666666665
1 0.1265625 0.25104166666666666 0.015234375 0.0203125
1 0.3609375 0.22239583333333332 0.01875 0.021354166666666667
1 0.257421875 0.41770833333333335 0.02109375 0.022916666666666665
1 0.342578125 0.3380208333333333 0.01953125 0.021354166666666667
1 0.752734375 0.009895833333333333 0.0203125 0.019791666666666666
1 0.5265625 0.22552083333333334 0.01796875 0.029166666666666667
1 0.621875 0.17916666666666667 0.021875 0.0265625
0 0.92578125 0.08489583333333334 0.021875 0.0234375
0 0.6375 0.2833333333333333 0.043359375 0.05520833333333333
1 0.107421875 0.071875 0.015234375 0.024479166666666666
1 0.0984375 0.022395833333333334 0.01640625 0.020833333333333332
1 0.659375 0.0296875 0.022265625 0.027604166666666666
1 0.44375 0.209375 0.0203125 0.029166666666666667
1 0.555078125 0.13072916666666667 0.0390625 0.05625
1 0.325 0.2552083333333333 0.040625 0.04895833333333333
0 0.501171875 0.3932291666666667 0.015625 0.0171875
1 0.333203125 0.4010416666666667 0.039453125 0.04739583333333333
1 0.715234375 0.33958333333333335 0.017578125 0.0234375
1 0.9140625 0.4078125 0.019140625 0.024479166666666666
0 0.643359375 0.4015625 0.01875 0.022916666666666665
1 0.551171875 0.3328125 0.020703125 0.025
1 0.20859375 0.5322916666666667 0.02109375 0.028125
1 0.670703125 0.5432291666666667 0.018359375 0.025520833333333333
1 0.033203125 0.671875 0.01953125 0.024479166666666666
1 0.1171875 0.7203125 0.01796875 0.026041666666666668
1 0.06796875 0.60625 0.019921875 0.0265625
0 0.713671875 0.6546875 0.037109375 0.058854166666666666
1 0.494921875 0.59375 0.039453125 0.05572916666666667
1 0.29453125 0.659375 0.0390625 0.052083333333333336
1 0.2109375 0.7291666666666666 0.0390625 0.052083333333333336
0 0.024609375 0.60625 0.03671875 0.044270833333333336
0 0.11796875 0.5104166666666666 0.025 0.030208333333333334
0 0.415234375 0.6973958333333333 0.01875 0.0234375
1 0.386328125 0.5213541666666667 0.0203125 0.027604166666666666
1 0.28125 0.5072916666666667 0.01953125 0.028125
1 0.453515625 0.553125 0.019140625 0.023958333333333335
1 0.596484375 0.6994791666666667 0.0171875 0.027083333333333334
1 0.330859375 0.7 0.01796875 0.024479166666666666
0 0.905859375 0.5567708333333333 0.04296875 0.0515625
0 0.6515625 0.6494791666666667 0.017578125 0.021875
0 0.628125 0.4869791666666667 0.020703125 0.025520833333333333
1 0.860546875 0.4578125 0.040625 0.0546875
1 0.7171875 0.4348958333333333 0.0421875 0.05625
1 0.888671875 0.5916666666666667 0.019140625 0.0234375
1 0.051953125 0.5145833333333333 0.01796875 0.028125
0 0.955078125 0.5223958333333333 0.01796875 0.025520833333333333
0 0.53984375 0.4453125 0.019921875 0.023958333333333335
1 0.24609375 0.6828125 0.019140625 0.025520833333333333
1 0.562109375 0.5927083333333333 0.01796875 0.026041666666666668
1 0.390625 0.5895833333333333 0.019921875 0.023958333333333335
1 0.76015625 0.5197916666666667 0.020703125 0.027604166666666666
1 0.15703125 0.6432291666666666 0.016796875 0.021875
0 0.043359375 0.8375 0.037890625 0.049479166666666664
1 0.1375 0.6692708333333334 0.018359375 0.029166666666666667
1 0.349609375 0.7458333333333333 0.017578125 0.023958333333333335
1 0.491015625 0.7307291666666667 0.016796875 0.0203125
1 0.4953125 0.8151041666666666 0.018359375 0.024479166666666666
1 0.548046875 0.7567708333333333 0.041015625 0.04895833333333333
0 0.39140625 0.7578125 0.038671875 0.049479166666666664
1 0.578125 0.796875 0.018359375 0.027083333333333334
0 0.712109375 0.7630208333333334 0.019140625 0.023958333333333335
1 0.78125 0.6973958333333333 0.0203125 0.027083333333333334
1 0.86640625 0.7630208333333334 0.0140625 0.025520833333333333
0 0.92265625 0.778125 0.0140625 0.019270833333333334
0 0.904296875 0.934375 0.0421875 0.058854166666666666
1 0.962109375 0.9020833333333333 0.020703125 0.0265625
0 0.83125 0.8229166666666666 0.015234375 0.018229166666666668
0 0.816796875 0.896875 0.01796875 0.024479166666666666
1 0.71484375 0.9734375 0.019921875 0.025520833333333333
1 0.730078125 0.8463541666666666 0.019921875 0.025520833333333333
1 0.626953125 0.8791666666666667 0.01953125 0.0265625
1 0.660546875 0.8411458333333334 0.015625 0.0234375
1 0.579296875 0.9510416666666667 0.02265625 0.03177083333333333
1 0.523828125 0.9375 0.0203125 0.0203125
1 0.41015625 0.9005208333333333 0.021875 0.025520833333333333
0 0.298828125 0.9848958333333333 0.03671875 0.0296875
1 0.2734375 0.984375 0.011328125 0.01875
1 0.246484375 0.9213541666666667 0.019921875 0.025
1 0.3 0.809375 0.02109375 0.029166666666666667
1 0.095703125 0.7822916666666667 0.019140625 0.029166666666666667
1 0.18359375 0.7973958333333333 0.020703125 0.024479166666666666
1 0.03203125 0.7484375 0.021484375 0.026041666666666668
1 0.044921875 0.8916666666666667 0.01953125 0.0234375
1 0.077734375 0.9484375 0.019921875 0.023958333333333335
1 0.036328125 0.9270833333333334 0.017578125 0.0203125
1 0.133984375 0.8651041666666667 0.0203125 0.025
1 0.266796875 0.7182291666666667 0.015234375 0.021875
1 0.60703125 0.29375 0.016015625 0.021875
1 0.74921875 0.18854166666666666 0.0171875 0.025
1 0.9484375 0.5786458333333333 0.012109375 0.019791666666666666
0 0.80078125 0.109375 0.020703125 0.022395833333333334
1 0.8453125 0.14895833333333333 0.0203125 0.022395833333333334
0 0.44609375 0.42239583333333336 0.024609375 0.027604166666666666
0 0.701953125 0.20260416666666667 0.0203125 0.025520833333333333
1 0.18984375 0.005729166666666666 0.010546875 0.010416666666666666
0 0.83046875 0.53125 0.017578125 0.027604166666666666
1 0.806640625 0.3776041666666667 0.01875 0.026041666666666668
1 0.166015625 0.008854166666666666 0.01328125 0.017708333333333333
1 0.346875 0.2015625 0.0109375 0.01875
1 0.071875 0.8640625 0.01796875 0.0265625
1 0.5421875 0.23072916666666668 0.015625 0.016145833333333335
1 0.4890625 0.3171875 0.04296875 0.058854166666666666
1 0.183984375 0.9546875 0.04453125 0.053125
0 0.198046875 0.8932291666666666 0.01953125 0.022916666666666665
1 0.2515625 0.21145833333333333 0.0203125 0.028125
1 0.565234375 0.008854166666666666 0.02109375 0.017708333333333333
1 0.481640625 0.005729166666666666 0.01796875 0.0109375
0 0.809375 0.2598958333333333 0.01953125 0.030208333333333334
0 0.940625 0.2598958333333333 0.01875 0.030729166666666665
0 0.351171875 0.09322916666666667 0.016796875 0.022395833333333334
1 0.276953125 0.1078125 0.0171875 0.023958333333333335
1 0.051953125 0.036458333333333336 0.0203125 0.026041666666666668