1 0.509375 0.27395833333333336 0.0203125 0.022395833333333334
1 0.983203125 0.21770833333333334 0.01875 0.0265625
1 0.21328125 0.43385416666666665 0.00859375 0.013020833333333334
1 0.718359375 0.3182291666666667 0.00859375 0.013020833333333334
1 0.539453125 0.98125 0.009765625 0.0140625
1 0.393359375 0.18697916666666667 0.020703125 0.021875
1 0.6875 0.7276041666666667 0.01015625 0.0125
1 0.742578125 0.2046875 0.047265625 0.065625
0 0.387109375 0.43697916666666664 0.049609375 0.0671875
1 0.527734375 0.6588541666666666 0.01953125 0.015104166666666667
1 0.984765625 0.7864583333333334 0.021484375 0.0234375
1 0.3484375 0.9625 0.020703125 0.024479166666666666
1 0.859375 0.16145833333333334 0.01953125 0.025520833333333333
0 0.718359375 0.03333333333333333 0.017578125 0.022395833333333334
1 0.008984375 0.44583333333333336 0.00625 0.008333333333333333
1 0.8578125 0.14010416666666667 0.008984375 0.013020833333333334
1 0.84921875 0.13802083333333334 0.009375 0.0140625
1 0.328125 0.33958333333333335 0.009375 0.0140625
1 0.615234375 0.4703125 0.019921875 0.027083333333333334
1 0.20546875 0.19375 0.011328125 0.013541666666666667
1 0.280078125 0.7286458333333333 0.051171875 0.06770833333333333
1 0.252734375 0.14791666666666667 0.009765625 0.0125
1 0.1984375 0.20677083333333332 0.046484375 0.059895833333333336
1 0.796484375 0.771875 0.046484375 0.06302083333333333
0 0.82890625 0.44895833333333335 0.016796875 0.022395833333333334
1 0.32578125 0.9614583333333333 0.01015625 0.011979166666666667
1 0.246484375 0.13645833333333332 0.009375 0.011979166666666667
1 0.49375 0.5375 0.017578125 0.030729166666666665
1 0.78515625 0.7020833333333333 0.01640625 0.023958333333333335
1 0.91015625 0.2833333333333333 0.010546875 0.01875
1 0.1375 0.6546875 0.0203125 0.030208333333333334
1 0.4875 0.04895833333333333 0.047265625 0.0625
1 0.458203125 0.8536458333333333 0.018359375 0.030208333333333334
0 0.2828125 0.5026041666666666 0.019921875 0.019791666666666666
1 0.41328125 0.76875 0.008984375 0.011979166666666667
1 0.23359375 0.7416666666666667 0.01171875 0.0171875