1 0.76640625 0.3875 0.023828125 0.028125
0 0.830859375 0.9015625 0.046875 0.06354166666666666
1 0.769140625 0.253125 0.01015625 0.0203125
1 0.85234375 0.3385416666666667 0.008203125 0.015625
1 0.1390625 0.2734375 0.0109375 0.011979166666666667
1 0.365234375 0.5114583333333333 0.0234375 0.027604166666666666
1 0.4265625 0.6526041666666667 0.010546875 0.013541666666666667
1 0.434375 0.696875 0.009765625 0.014583333333333334
1 0.44375 0.6921875 0.0109375 0.015104166666666667
1 0.477734375 0.0484375 0.01015625 0.0140625
0 0.946484375 0.5395833333333333 0.0484375 0.06666666666666667
0 0.51328125 0.8307291666666666 0.02109375 0.028125
0 0.2203125 0.9703125 0.01875 0.025
0 0.749609375 0.13229166666666667 0.0484375 0.06354166666666666
1 0.126953125 0.20833333333333334 0.011328125 0.009895833333333333
1 0.025390625 0.775 0.022265625 0.023958333333333335
0 0.934765625 0.7984375 0.021484375 0.025520833333333333
0 0.23671875 0.18958333333333333 0.019140625 0.022395833333333334
0 0.168359375 0.021354166666666667 0.01796875 0.027604166666666666
1 0.11171875 0.0171875 0.016015625 0.03229166666666667
1 0.7859375 0.013541666666666667 0.016015625 0.022916666666666665
1 0.313671875 0.384375 0.02578125 0.028125
1 0.274609375 0.38177083333333334 0.02578125 0.030729166666666665
1 0.353125 0.5604166666666667 0.02421875 0.03125
1 0.951953125 0.6625 0.021875 0.028645833333333332
1 0.614453125 0.6046875 0.023828125 0.025520833333333333
0 0.465234375 0.7395833333333334 0.009375 0.0125
1 0.180859375 0.09947916666666666 0.01796875 0.025520833333333333
0 0.9625 0.09583333333333334 0.01640625 0.022395833333333334
1 0.40703125 0.6890625 0.025 0.023958333333333335