0 0.7921875 0.8947916666666667 0.04609375 0.0578125
0 0.861328125 0.728125 0.01484375 0.0265625
1 0.26953125 0.5166666666666667 0.018359375 0.018229166666666668
1 0.260546875 0.5244791666666667 0.009375 0.017708333333333333
1 0.31953125 0.20104166666666667 0.019921875 0.026041666666666668
0 0.76875 0.10989583333333333 0.04921875 0.05625
0 0.626953125 0.7677083333333333 0.017578125 0.020833333333333332
0 0.96953125 0.43697916666666664 0.01796875 0.022916666666666665
0 0.759765625 0.2953125 0.015234375 0.0203125
1 0.43828125 0.71875 0.00859375 0.010416666666666666
1 0.305859375 0.8963541666666667 0.011328125 0.013020833333333334
0 0.294921875 0.9583333333333334 0.021484375 0.030208333333333334
0 0.259375 0.5609375 0.016796875 0.01875
1 0.035546875 0.6541666666666667 0.023046875 0.0265625
1 0.859375 0.175 0.01015625 0.01875
0 0.590625 0.5036458333333333 0.02109375 0.023958333333333335