1 0.22421875 0.1 0.04921875 0.06927083333333334
1 0.9046875 0.09947916666666666 0.019140625 0.023958333333333335
0 0.412890625 0.11354166666666667 0.016015625 0.025520833333333333
0 0.08359375 0.029166666666666667 0.018359375 0.023958333333333335
1 0.851171875 0.23125 0.015234375 0.023958333333333335
0 0.3109375 0.6729166666666667 0.016796875 0.020833333333333332
1 0.061328125 0.7807291666666667 0.0109375 0.015104166666666667
1 0.09765625 0.9541666666666667 0.01171875 0.028645833333333332
0 0.721875 0.40625 0.04375 0.06145833333333333
1 0.6625 0.19791666666666666 0.019921875 0.028125
0 0.68203125 0.5057291666666667 0.016015625 0.021875
0 0.392578125 0.6703125 0.039453125 0.04895833333333333
0 0.18359375 0.9255208333333333 0.041796875 0.052083333333333336
1 0.814453125 0.8619791666666666 0.04765625 0.06822916666666666
1 0.202734375 0.8145833333333333 0.01796875 0.019791666666666666
0 0.911328125 0.8854166666666666 0.01875 0.022395833333333334
0 0.679296875 0.8828125 0.016015625 0.022916666666666665
0 0.963671875 0.47291666666666665 0.018359375 0.024479166666666666
0 0.5125 0.6979166666666666 0.017578125 0.025
1 0.459375 0.5390625 0.015234375 0.015104166666666667
1 0.15546875 0.3927083333333333 0.01796875 0.021875
1 0.643359375 0.84375 0.0140625 0.022395833333333334
1 0.268359375 0.3067708333333333 0.015625 0.010416666666666666
1 0.64765625 0.6651041666666667 0.015625 0.030729166666666665
1 0.276171875 0.5109375 0.013671875 0.01875