1 0.7296875 0.4078125 0.01953125 0.025
0 0.1671875 0.25364583333333335 0.016015625 0.0234375
0 0.374609375 0.8578125 0.019921875 0.0234375
0 0.671484375 0.0203125 0.0484375 0.040625
0 0.008984375 0.1078125 0.01796875 0.027604166666666666
0 0.65390625 0.9859375 0.015625 0.025520833333333333
0 0.2046875 0.7802083333333333 0.019921875 0.024479166666666666
1 0.38125 0.3578125 0.020703125 0.023958333333333335
0 0.8203125 0.9911458333333333 0.038671875 0.017708333333333333
1 0.405078125 0.21614583333333334 0.05234375 0.06770833333333333
0 0.79765625 0.8598958333333333 0.019140625 0.020833333333333332
0 0.6453125 0.6609375 0.0171875 0.021354166666666667
0 0.994140625 0.43072916666666666 0.01171875 0.019791666666666666
1 0.46484375 0.10885416666666667 0.017578125 0.027083333333333334
0 0.32734375 0.09739583333333333 0.01953125 0.025
0 0.8546875 0.35104166666666664 0.017578125 0.0203125
1 0.741796875 0.09166666666666666 0.017578125 0.027083333333333334
0 0.071484375 0.2869791666666667 0.046875 0.06302083333333333
0 0.974609375 0.1390625 0.019140625 0.025520833333333333
0 0.019921875 0.8677083333333333 0.01640625 0.0234375
1 0.609765625 0.11666666666666667 0.018359375 0.0265625
0 0.20234375 0.4739583333333333 0.01953125 0.024479166666666666
1 0.608984375 0.3776041666666667 0.02265625 0.030208333333333334
1 0.107421875 0.37552083333333336 0.019140625 0.025
1 0.54375 0.8385416666666666 0.0421875 0.0546875
0 0.85390625 0.590625 0.01875 0.024479166666666666
0 0.44609375 0.6359375 0.01796875 0.015104166666666667
0 0.39765625 0.6010416666666667 0.047265625 0.0640625
0 0.024609375 0.6463541666666667 0.017578125 0.022916666666666665