0 0.812109375 0.43385416666666665 0.017578125 0.022395833333333334
0 0.96484375 0.08229166666666667 0.018359375 0.022395833333333334
1 0.03515625 0.2984375 0.019140625 0.024479166666666666
0 0.549609375 0.26510416666666664 0.01796875 0.021875
0 0.2578125 0.471875 0.046875 0.059895833333333336
0 0.385546875 0.69375 0.045703125 0.059895833333333336
0 0.966015625 0.9192708333333334 0.0453125 0.0640625
0 0.7359375 0.646875 0.0515625 0.06510416666666667
1 0.425 0.4395833333333333 0.0203125 0.027604166666666666
1 0.699609375 0.009895833333333333 0.018359375 0.019791666666666666
1 0.0609375 0.1375 0.018359375 0.022916666666666665
1 0.78203125 0.15572916666666667 0.0171875 0.027083333333333334
1 0.30859375 0.8989583333333333 0.019140625 0.025520833333333333
0 0.908984375 0.34739583333333335 0.046484375 0.0609375
0 0.5171875 0.06145833333333333 0.05 0.0578125
0 0.530078125 0.21041666666666667 0.018359375 0.021875
0 0.38046875 0.096875 0.019140625 0.024479166666666666
1 0.1984375 0.09427083333333333 0.048046875 0.0625
0 0.37421875 0.775 0.01796875 0.022916666666666665
0 0.892578125 0.5973958333333333 0.017578125 0.0265625
1 0.012109375 0.46197916666666666 0.02421875 0.051041666666666666
1 0.2734375 0.3125 0.017578125 0.026041666666666668
0 0.58046875 0.7666666666666667 0.016015625 0.019791666666666666
0 0.64140625 0.8432291666666667 0.016796875 0.027083333333333334
0 0.76640625 0.9098958333333333 0.016015625 0.018229166666666668
0 0.098828125 0.8255208333333334 0.01953125 0.024479166666666666
1 0.085546875 0.621875 0.01875 0.027604166666666666