0 0.215625 0.8755208333333333 0.018359375 0.017708333333333333
0 0.244140625 0.47239583333333335 0.01796875 0.023958333333333335
1 0.465234375 0.36666666666666664 0.0203125 0.029166666666666667
0 0.78203125 0.5770833333333333 0.0203125 0.0265625
0 0.29921875 0.10989583333333333 0.016796875 0.021354166666666667
1 0.6484375 0.809375 0.02265625 0.0265625
1 0.980859375 0.721875 0.02109375 0.0265625
0 0.157421875 0.32447916666666665 0.042578125 0.05572916666666667
1 0.483203125 0.07760416666666667 0.01015625 0.013020833333333334
0 0.623046875 0.022916666666666665 0.01640625 0.022395833333333334
0 0.026953125 0.21510416666666668 0.019140625 0.023958333333333335
1 0.840625 0.25677083333333334 0.019921875 0.029166666666666667
1 0.58125 0.140625 0.0234375 0.029166666666666667
0 0.946875 0.41458333333333336 0.037109375 0.0546875
1 0.1328125 0.8432291666666667 0.023828125 0.027604166666666666
1 0.0109375 0.6286458333333333 0.021484375 0.0265625
1 0.1140625 0.7630208333333334 0.02421875 0.020833333333333332
1 0.717578125 0.06145833333333333 0.018359375 0.019791666666666666
0 0.338671875 0.6140625 0.046484375 0.0578125
1 0.6328125 0.6276041666666666 0.043359375 0.058333333333333334