1 0.819921875 0.7692708333333333 0.0203125 0.0265625
1 0.202734375 0.5911458333333334 0.019921875 0.025520833333333333
0 0.426953125 0.7401041666666667 0.01328125 0.017708333333333333
1 0.723828125 0.40677083333333336 0.046484375 0.06145833333333333
0 0.410546875 0.9854166666666667 0.01875 0.022395833333333334
0 0.4859375 0.009375 0.015234375 0.01875
0 0.487890625 0.5401041666666667 0.01484375 0.0234375
0 0.258984375 0.959375 0.019140625 0.0265625
0 0.628515625 0.4979166666666667 0.019140625 0.022916666666666665
1 0.851953125 0.5411458333333333 0.008984375 0.0125
0 0.855078125 0.24322916666666666 0.01796875 0.022395833333333334
0 0.33359375 0.32916666666666666 0.03515625 0.058333333333333334
1 0.705859375 0.7432291666666667 0.01796875 0.023958333333333335
0 0.0140625 0.1734375 0.028125 0.059895833333333336
0 0.189453125 0.028125 0.01796875 0.0265625
0 0.18125 0.31302083333333336 0.016015625 0.025520833333333333
1 0.5296875 0.10989583333333333 0.0109375 0.0109375
0 0.548828125 0.290625 0.016015625 0.019270833333333334
0 0.105078125 0.7489583333333333 0.0203125 0.027604166666666666
1 0.392578125 0.659375 0.0484375 0.06770833333333333
1 0.85234375 0.4921875 0.01796875 0.025520833333333333
0 0.43046875 0.8552083333333333 0.0125 0.021875