1 0.737890625 0.6739583333333333 0.024609375 0.029166666666666667
1 0.453125 0.3380208333333333 0.023828125 0.027604166666666666
1 0.2640625 0.4713541666666667 0.018359375 0.025
1 0.130859375 0.2578125 0.0203125 0.026041666666666668
1 0.502734375 0.48333333333333334 0.01953125 0.029166666666666667
0 0.17421875 0.1265625 0.0515625 0.07083333333333333
1 0.740625 0.5375 0.019921875 0.016145833333333335
0 0.885546875 0.049479166666666664 0.050390625 0.06770833333333333
1 0.533203125 0.16770833333333332 0.009375 0.016666666666666666
1 0.5015625 0.75 0.0515625 0.06666666666666667
0 0.887890625 0.4578125 0.016796875 0.0265625
1 0.996875 0.38229166666666664 0.00625 0.025
1 0.71171875 0.9135416666666667 0.0203125 0.028125
0 0.40234375 0.030729166666666665 0.017578125 0.022916666666666665
1 0.9390625 0.7354166666666667 0.046875 0.06041666666666667
1 0.99453125 0.6776041666666667 0.009375 0.0125
1 0.98828125 0.6661458333333333 0.009375 0.011458333333333333
1 0.741015625 0.8078125 0.00859375 0.0125
1 0.727734375 0.809375 0.009375 0.013020833333333334
1 0.955078125 0.9630208333333333 0.00859375 0.0125
1 0.644921875 0.0109375 0.019140625 0.021354166666666667
1 0.369140625 0.7671875 0.022265625 0.025520833333333333
1 0.68984375 0.33958333333333335 0.02265625 0.0234375
1 0.295703125 0.008333333333333333 0.02109375 0.016666666666666666
1 0.653515625 0.834375 0.013671875 0.017708333333333333
1 0.8984375 0.2265625 0.01953125 0.023958333333333335
1 0.823828125 0.321875 0.01015625 0.014583333333333334
1 0.31171875 0.9895833333333334 0.015625 0.0203125
1 0.94609375 0.7229166666666667 0.01015625 0.013541666666666667
1 0.371484375 0.7489583333333333 0.00859375 0.0109375
1 0.378125 0.7552083333333334 0.00859375 0.011979166666666667
1 0.369921875 0.7578125 0.008203125 0.0125
1 0.2703125 0.6609375 0.010546875 0.0125
1 0.28671875 0.6453125 0.008203125 0.009895833333333333
1 0.230078125 0.7942708333333334 0.010546875 0.025
1 0.159375 0.7390625 0.048046875 0.06510416666666667
0 0.1859375 0.7791666666666667 0.017578125 0.023958333333333335
1 0.048046875 0.4421875 0.0109375 0.013020833333333334
1 0.03046875 0.5182291666666666 0.01015625 0.0125
1 0.02890625 0.5005208333333333 0.019921875 0.0265625
1 0.097265625 0.5427083333333333 0.0234375 0.025520833333333333
1 0.01015625 0.7135416666666666 0.0203125 0.020833333333333332