1 0.97109375 0.6645833333333333 0.047265625 0.06145833333333333
1 0.211328125 0.5510416666666667 0.008984375 0.015625
0 0.72421875 0.6515625 0.01328125 0.011458333333333333
0 0.98359375 0.49166666666666664 0.01875 0.025
1 0.64453125 0.29739583333333336 0.019921875 0.028645833333333332
1 0.77265625 0.0796875 0.02109375 0.022916666666666665
1 0.8109375 0.5479166666666667 0.021875 0.026041666666666668
1 0.125390625 0.7729166666666667 0.046484375 0.05364583333333333
1 0.969921875 0.1734375 0.02265625 0.030729166666666665
1 0.507421875 0.0703125 0.019140625 0.028645833333333332
1 0.651171875 0.14583333333333334 0.047265625 0.059895833333333336
1 0.52734375 0.5744791666666667 0.022265625 0.0265625
1 0.436328125 0.8255208333333334 0.02109375 0.024479166666666666
0 0.051953125 0.8213541666666667 0.01875 0.027604166666666666
1 0.64375 0.7984375 0.04609375 0.058854166666666666
0 0.27109375 0.6802083333333333 0.019140625 0.030729166666666665
1 0.037890625 0.565625 0.021875 0.025520833333333333
1 0.0984375 0.8072916666666666 0.010546875 0.0125
1 0.875390625 0.9578125 0.021875 0.018229166666666668
1 0.8078125 0.9291666666666667 0.015234375 0.0296875
1 0.871875 0.6317708333333333 0.010546875 0.0125
1 0.7328125 0.5078125 0.01171875 0.013541666666666667
1 0.728515625 0.8244791666666667 0.019140625 0.023958333333333335
0 0.277734375 0.21979166666666666 0.01015625 0.0125
1 0.048828125 0.04479166666666667 0.01640625 0.017708333333333333
1 0.366015625 0.42135416666666664 0.019921875 0.022916666666666665
1 0.21875 0.19791666666666666 0.023828125 0.0265625
1 0.31796875 0.33958333333333335 0.046875 0.057291666666666664
0 0.4609375 0.4625 0.015234375 0.014583333333333334
1 0.116796875 0.0109375 0.012890625 0.013020833333333334