1 0.134765625 0.596875 0.0171875 0.0203125
0 0.63515625 0.7796875 0.048046875 0.06145833333333333
1 0.2828125 0.75625 0.011328125 0.0140625
0 0.393359375 0.43854166666666666 0.01640625 0.018229166666666668
1 0.55078125 0.5770833333333333 0.016796875 0.022395833333333334
1 0.927734375 0.8067708333333333 0.01796875 0.021354166666666667
0 0.108984375 0.2520833333333333 0.041015625 0.04583333333333333
1 0.673828125 0.3203125 0.019140625 0.0234375
0 0.056640625 0.9635416666666666 0.019140625 0.023958333333333335
0 0.215625 0.8869791666666667 0.019921875 0.0265625
0 0.104296875 0.8005208333333333 0.043359375 0.05572916666666667
1 0.302734375 0.8942708333333333 0.01015625 0.027604166666666666
0 0.90859375 0.9177083333333333 0.04296875 0.052083333333333336
0 0.7171875 0.671875 0.016796875 0.020833333333333332
0 0.403125 0.8911458333333333 0.015234375 0.025
0 0.210546875 0.3421875 0.01796875 0.0265625
1 0.949609375 0.09322916666666667 0.05 0.06770833333333333
0 0.023046875 0.0578125 0.016796875 0.022916666666666665
1 0.330078125 0.8286458333333333 0.008203125 0.015104166666666667
1 0.825390625 0.946875 0.011328125 0.028125
1 0.402734375 0.7692708333333333 0.01640625 0.010416666666666666
1 0.8828125 0.38645833333333335 0.01953125 0.022916666666666665
0 0.81015625 0.022916666666666665 0.01796875 0.023958333333333335
1 0.638671875 0.31875 0.01796875 0.0140625
1 0.451171875 0.005729166666666666 0.016796875 0.011458333333333333
0 0.27890625 0.06875 0.059765625 0.06354166666666666
1 0.4484375 0.18020833333333333 0.009375 0.013020833333333334
1 0.95234375 0.5369791666666667 0.00703125 0.0125
1 0.791015625 0.7739583333333333 0.01484375 0.016145833333333335
1 0.554296875 0.10572916666666667 0.0484375 0.0859375
0 0.5 0.20364583333333333 0.016015625 0.021354166666666667
0 0.401953125 0.35208333333333336 0.054296875 0.06302083333333333