0 0.856640625 0.6614583333333334 0.0421875 0.0546875
0 0.967578125 0.7463541666666667 0.019140625 0.025520833333333333
1 0.33515625 0.13697916666666668 0.05 0.06354166666666666
1 0.641796875 0.17135416666666667 0.048828125 0.07395833333333333
1 0.2234375 0.28854166666666664 0.016796875 0.018229166666666668
0 0.32421875 0.6833333333333333 0.04453125 0.0546875
1 0.62578125 0.34479166666666666 0.0109375 0.016666666666666666
1 0.017578125 0.5463541666666667 0.011328125 0.015625
1 0.236328125 0.43385416666666665 0.009765625 0.011979166666666667
1 0.51875 0.903125 0.017578125 0.0234375
1 0.71171875 0.8244791666666667 0.009375 0.011979166666666667
1 0.610546875 0.9369791666666667 0.009375 0.0067708333333333336
1 0.497265625 0.09947916666666666 0.00859375 0.014583333333333334
1 0.312109375 0.8598958333333333 0.00859375 0.0125
0 0.664453125 0.03333333333333333 0.02109375 0.028125
1 0.066015625 0.20416666666666666 0.037890625 0.06510416666666667
0 0.481640625 0.05572916666666667 0.016796875 0.027604166666666666
0 0.96171875 0.20260416666666667 0.017578125 0.025520833333333333
0 0.810546875 0.8229166666666666 0.018359375 0.0234375
0 0.859375 0.11666666666666667 0.040625 0.05260416666666667
0 0.453515625 0.478125 0.020703125 0.027083333333333334
0 0.1265625 0.8364583333333333 0.019921875 0.027083333333333334
0 0.55234375 0.7333333333333333 0.016015625 0.0265625
0 0.621875 0.4140625 0.01875 0.026041666666666668
1 0.173046875 0.8114583333333333 0.01875 0.040625
1 0.1203125 0.46875 0.018359375 0.021875
0 0.322265625 0.7885416666666667 0.018359375 0.022916666666666665
1 0.88828125 0.45677083333333335 0.016015625 0.019270833333333334