0 0.1546875 0.5244791666666667 0.021484375 0.025
0 0.1640625 0.1703125 0.040234375 0.05260416666666667
1 0.5515625 0.3223958333333333 0.01875 0.026041666666666668
1 0.669921875 0.0296875 0.044140625 0.059375
1 0.222265625 0.057291666666666664 0.01953125 0.027604166666666666
0 0.923828125 0.4942708333333333 0.0421875 0.052083333333333336
1 0.606640625 0.9166666666666666 0.01875 0.023958333333333335
1 0.551171875 0.04010416666666667 0.020703125 0.028125
1 0.404296875 0.42552083333333335 0.0453125 0.058333333333333334
1 0.2140625 0.7395833333333334 0.019140625 0.025
1 0.394921875 0.05520833333333333 0.021484375 0.030729166666666665
0 0.53984375 0.17760416666666667 0.037890625 0.04895833333333333
1 0.721875 0.2864583333333333 0.019140625 0.022916666666666665
1 0.176171875 0.6515625 0.014453125 0.022916666666666665
0 0.526171875 0.6041666666666666 0.01875 0.022395833333333334
1 0.03359375 0.6526041666666667 0.022265625 0.024479166666666666
0 0.730859375 0.6494791666666667 0.02109375 0.028125
0 0.924609375 0.6005208333333333 0.01953125 0.022916666666666665
1 0.05625 0.2609375 0.021484375 0.027083333333333334
1 0.821875 0.10520833333333333 0.01875 0.019791666666666666
0 0.34296875 0.5177083333333333 0.018359375 0.021875
1 0.37578125 0.9307291666666667 0.013671875 0.017708333333333333
0 0.0078125 0.3390625 0.015625 0.051041666666666666
1 0.679296875 0.8447916666666667 0.02265625 0.0234375