0 0.0734375 0.2682291666666667 0.018359375 0.0234375
0 0.291796875 0.009375 0.017578125 0.018229166666666668
0 0.863671875 0.528125 0.0140625 0.027083333333333334
0 0.616796875 0.9239583333333333 0.05 0.059375
0 0.289453125 0.29583333333333334 0.018359375 0.027083333333333334
1 0.48984375 0.41822916666666665 0.017578125 0.023958333333333335
0 0.252734375 0.7729166666666667 0.01796875 0.0203125
0 0.198046875 0.4630208333333333 0.016796875 0.020833333333333332
1 0.48125 0.3296875 0.02109375 0.025520833333333333
0 0.65078125 0.07083333333333333 0.01875 0.0234375
0 0.00390625 0.9145833333333333 0.0078125 0.0234375
1 0.936328125 0.78125 0.01171875 0.013541666666666667
0 0.48046875 0.9609375 0.01875 0.025
0 0.171484375 0.6203125 0.017578125 0.0234375
0 0.241015625 0.30572916666666666 0.019140625 0.026041666666666668
0 0.344921875 0.6515625 0.01640625 0.022395833333333334
1 0.880078125 0.5276041666666667 0.02109375 0.0265625
1 0.552734375 0.6276041666666666 0.020703125 0.027604166666666666
0 0.090234375 0.5630208333333333 0.0515625 0.057291666666666664
1 0.708984375 0.403125 0.020703125 0.03177083333333333
1 0.800390625 0.8697916666666666 0.01796875 0.024479166666666666
1 0.8984375 0.08333333333333333 0.022265625 0.029166666666666667
1 0.2984375 0.9572916666666667 0.04765625 0.0625