0 0.769921875 0.7005208333333334 0.02109375 0.025520833333333333
1 0.519140625 0.38333333333333336 0.01796875 0.021875
1 0.498046875 0.3671875 0.01796875 0.030208333333333334
1 0.98125 0.04010416666666667 0.017578125 0.024479166666666666
1 0.800390625 0.0067708333333333336 0.0203125 0.013020833333333334
1 0.297265625 0.9385416666666667 0.009375 0.009895833333333333
1 0.994140625 0.15520833333333334 0.0109375 0.011979166666666667
0 0.856640625 0.3776041666666667 0.041796875 0.05625
1 0.971875 0.38229166666666664 0.020703125 0.024479166666666666
1 0.053515625 0.08541666666666667 0.01953125 0.024479166666666666
1 0.15859375 0.9890625 0.012109375 0.011458333333333333
0 0.578125 0.8192708333333333 0.02109375 0.026041666666666668
1 0.32265625 0.9328125 0.017578125 0.025520833333333333
0 0.75703125 0.5005208333333333 0.023046875 0.025520833333333333
0 0.088671875 0.371875 0.01796875 0.027083333333333334
1 0.328125 0.4578125 0.01875 0.027604166666666666
0 0.41015625 0.7140625 0.01953125 0.026041666666666668
0 0.17421875 0.4666666666666667 0.0203125 0.0265625
1 0.008984375 0.5973958333333333 0.01796875 0.029166666666666667
0 0.68203125 0.625 0.022265625 0.0234375
1 0.5953125 0.6208333333333333 0.0421875 0.04635416666666667
1 0.31796875 0.19375 0.043359375 0.05520833333333333
0 0.18515625 0.9921875 0.016015625 0.015625
1 0.913671875 0.4432291666666667 0.013671875 0.017708333333333333
0 0.575 0.4895833333333333 0.01953125 0.0234375
0 0.166796875 0.2125 0.018359375 0.023958333333333335
0 0.763671875 0.31875 0.02265625 0.025
1 0.905078125 0.8177083333333334 0.016796875 0.022395833333333334
0 0.910546875 0.9109375 0.019140625 0.0296875
1 0.7421875 0.8828125 0.019921875 0.0234375
1 0.649609375 0.9265625 0.02109375 0.030729166666666665
1 0.692578125 0.9755208333333333 0.0234375 0.025520833333333333
1 0.44375 0.9494791666666667 0.016796875 0.020833333333333332
1 0.425390625 0.890625 0.01875 0.0265625
1 0.29296875 0.6536458333333334 0.018359375 0.025520833333333333
0 0.1484375 0.7145833333333333 0.01875 0.027604166666666666
1 0.271484375 0.2078125 0.016015625 0.022916666666666665
0 0.496875 0.24583333333333332 0.0171875 0.025
0 0.37734375 0.23125 0.0171875 0.022395833333333334
1 0.465234375 0.0421875 0.017578125 0.025520833333333333
0 0.599609375 0.044270833333333336 0.019921875 0.022395833333333334
0 0.653125 0.175 0.019921875 0.026041666666666668
1 0.103515625 0.971875 0.03046875 0.0390625
1 0.145703125 0.8963541666666667 0.019140625 0.022395833333333334
1 0.196875 0.6078125 0.045703125 0.04895833333333333
1 0.3296875 0.027604166666666666 0.0203125 0.025520833333333333
1 0.58203125 0.9796875 0.01796875 0.023958333333333335
1 0.208203125 0.8833333333333333 0.01953125 0.021875