0 0.91328125 0.7114583333333333 0.01875 0.022916666666666665
0 0.70625 0.6447916666666667 0.023828125 0.0234375
0 0.52578125 0.4171875 0.0140625 0.022395833333333334
0 0.56875 0.5333333333333333 0.017578125 0.0234375
1 0.3140625 0.40572916666666664 0.01484375 0.017708333333333333
1 0.244921875 0.6390625 0.010546875 0.013020833333333334
1 0.09609375 0.5140625 0.0171875 0.0234375
1 0.0078125 0.0375 0.015234375 0.024479166666666666
1 0.260546875 0.8796875 0.019140625 0.0296875
0 0.2390625 0.33229166666666665 0.016796875 0.021875
0 0.277734375 0.153125 0.0171875 0.020833333333333332
1 0.126953125 0.14010416666666667 0.019140625 0.027604166666666666
1 0.01953125 0.25 0.021875 0.026041666666666668
0 0.09375 0.3385416666666667 0.01640625 0.026041666666666668
1 0.01640625 0.4276041666666667 0.0328125 0.059375
1 0.028125 0.565625 0.023046875 0.026041666666666668
0 0.39140625 0.596875 0.02109375 0.027083333333333334
0 0.415234375 0.7796875 0.018359375 0.025
1 0.40546875 0.8770833333333333 0.04140625 0.05625
1 0.487890625 0.8614583333333333 0.0203125 0.024479166666666666
1 0.076953125 0.74375 0.024609375 0.025520833333333333
1 0.19765625 0.5541666666666667 0.01953125 0.026041666666666668
1 0.22578125 0.26145833333333335 0.043359375 0.052083333333333336
1 0.06328125 0.9614583333333333 0.01875 0.027604166666666666
1 0.179296875 0.875 0.046875 0.05416666666666667
1 0.336328125 0.44479166666666664 0.01875 0.0296875
1 0.28203125 0.6411458333333333 0.019140625 0.0234375
0 0.473046875 0.14479166666666668 0.01953125 0.028125
1 0.0578125 0.6291666666666667 0.01796875 0.023958333333333335
1 0.11953125 0.5875 0.016796875 0.023958333333333335
1 0.98828125 0.5859375 0.018359375 0.030729166666666665
1 0.86015625 0.6119791666666666 0.0203125 0.025520833333333333
1 0.528125 0.6380208333333334 0.043359375 0.05416666666666667
0 0.61953125 0.390625 0.01796875 0.024479166666666666
1 0.8234375 0.440625 0.0203125 0.021875
1 0.954296875 0.3484375 0.01796875 0.015104166666666667
1 0.876953125 0.1296875 0.02265625 0.027083333333333334
1 0.8609375 0.2875 0.04296875 0.05572916666666667
1 0.809375 0.2984375 0.01796875 0.021875
1 0.717578125 0.17291666666666666 0.01796875 0.025520833333333333
0 0.591015625 0.21510416666666668 0.049609375 0.05572916666666667
0 0.798828125 0.66875 0.04609375 0.059375
1 0.414453125 0.32864583333333336 0.017578125 0.023958333333333335
1 0.639453125 0.8385416666666666 0.017578125 0.0265625
1 0.770703125 0.9359375 0.02109375 0.028125
1 0.90703125 0.946875 0.01875 0.023958333333333335