1 0.313671875 0.0984375 0.01015625 0.013020833333333334
0 0.15 0.6427083333333333 0.0203125 0.015625
0 0.811328125 0.8057291666666667 0.01796875 0.022916666666666665
1 0.65390625 0.575 0.017578125 0.020833333333333332
1 0.77578125 0.5755208333333334 0.020703125 0.028645833333333332
0 0.541796875 0.64375 0.04765625 0.058854166666666666
0 0.461328125 0.4671875 0.0171875 0.019270833333333334
1 0.66875 0.9645833333333333 0.026171875 0.019270833333333334
0 0.572265625 0.8307291666666666 0.016796875 0.020833333333333332
1 0.441015625 0.8640625 0.008984375 0.013541666666666667
0 0.0203125 0.5671875 0.01875 0.024479166666666666
1 0.29375 0.6104166666666667 0.0140625 0.016145833333333335
1 0.2703125 0.375 0.0125 0.0109375
0 0.193359375 0.9734375 0.014453125 0.015625
0 0.74921875 0.321875 0.016796875 0.0234375
0 0.283984375 0.296875 0.0171875 0.024479166666666666
1 0.091796875 0.9916666666666667 0.01953125 0.016145833333333335
0 0.229296875 0.48489583333333336 0.015625 0.020833333333333332
1 0.93203125 0.4640625 0.01015625 0.013541666666666667
0 0.26484375 0.4828125 0.016796875 0.0203125
0 0.862109375 0.615625 0.01015625 0.015104166666666667
1 0.03125 0.3875 0.016796875 0.017708333333333333
0 0.92421875 0.146875 0.01953125 0.020833333333333332
1 0.953125 0.046875 0.049609375 0.05572916666666667
1 0.292578125 0.7552083333333334 0.01484375 0.022916666666666665
1 0.933203125 0.9244791666666666 0.012890625 0.0125
1 0.66640625 0.10729166666666666 0.010546875 0.013020833333333334
0 0.3953125 0.19635416666666666 0.01875 0.027604166666666666
0 0.0375 0.215625 0.015625 0.022395833333333334
0 0.155078125 0.11927083333333334 0.048828125 0.050520833333333334