1 0.0109375 0.41875 0.021484375 0.03125
0 0.40234375 0.47239583333333335 0.016015625 0.019791666666666666
1 0.413671875 0.5817708333333333 0.01328125 0.0125
1 0.415234375 0.5432291666666667 0.015625 0.021354166666666667
0 0.26015625 0.6322916666666667 0.01875 0.025520833333333333
0 0.04921875 0.7015625 0.019140625 0.022395833333333334
0 0.2046875 0.9041666666666667 0.019921875 0.01875
1 0.35390625 0.9114583333333334 0.016015625 0.019791666666666666
0 0.434375 0.8328125 0.047265625 0.06041666666666667
0 0.66015625 0.8671875 0.023828125 0.025520833333333333
0 0.665234375 0.928125 0.02109375 0.020833333333333332
0 0.7296875 0.6541666666666667 0.015234375 0.021875
0 0.7234375 0.24791666666666667 0.01953125 0.015104166666666667
1 0.482421875 0.06458333333333334 0.014453125 0.021875
0 0.5625 0.11458333333333333 0.01796875 0.019270833333333334
0 0.728125 0.0296875 0.016796875 0.019270833333333334
1 0.550390625 0.24895833333333334 0.019140625 0.022916666666666665
0 0.52109375 0.6671875 0.017578125 0.028125
1 0.009375 0.15833333333333333 0.01875 0.027083333333333334
0 0.89453125 0.7666666666666667 0.019140625 0.027083333333333334
0 0.729296875 0.553125 0.04375 0.05416666666666667
1 0.792578125 0.5645833333333333 0.015625 0.0140625
1 0.14453125 0.13333333333333333 0.0171875 0.027083333333333334
0 0.40625 0.28489583333333335 0.0203125 0.027604166666666666
0 0.073046875 0.05 0.04921875 0.0625
1 0.99453125 0.5619791666666667 0.010546875 0.0140625
1 0.93125 0.2947916666666667 0.017578125 0.020833333333333332
1 0.83203125 0.3078125 0.0109375 0.014583333333333334
1 0.136328125 0.44895833333333335 0.01796875 0.025
0 0.259375 0.3921875 0.017578125 0.019270833333333334
0 0.378125 0.18072916666666666 0.019140625 0.024479166666666666
0 0.70078125 0.3494791666666667 0.015234375 0.019791666666666666