0 0.35703125 0.4979166666666667 0.020703125 0.026041666666666668
1 0.552734375 0.8567708333333334 0.01328125 0.018229166666666668
0 0.401953125 0.058333333333333334 0.053515625 0.06770833333333333
1 0.473828125 0.8953125 0.045703125 0.05677083333333333
1 0.783984375 0.6822916666666666 0.019921875 0.028645833333333332
1 0.1890625 0.8109375 0.015234375 0.027604166666666666
0 0.18828125 0.008854166666666666 0.020703125 0.0171875
0 0.4609375 0.39010416666666664 0.018359375 0.023958333333333335
0 0.603515625 0.859375 0.020703125 0.025520833333333333
0 0.557421875 0.25416666666666665 0.016796875 0.022395833333333334
0 0.264453125 0.38177083333333334 0.023828125 0.025
0 0.22890625 0.24479166666666666 0.014453125 0.0125
0 0.530859375 0.303125 0.021875 0.036458333333333336
0 0.16328125 0.17760416666666667 0.04609375 0.0609375
0 0.444140625 0.8598958333333333 0.01171875 0.013541666666666667
1 0.971875 0.7083333333333334 0.015625 0.013020833333333334
0 0.5875 0.21875 0.041015625 0.05260416666666667
0 0.895703125 0.9677083333333333 0.014453125 0.022395833333333334
1 0.62578125 0.5270833333333333 0.023046875 0.028125
0 0.46640625 0.008333333333333333 0.019140625 0.016145833333333335
0 0.30546875 0.96875 0.01875 0.023958333333333335
1 0.778125 0.3333333333333333 0.016796875 0.025
1 0.7296875 0.35833333333333334 0.015625 0.027604166666666666
0 0.780859375 0.11666666666666667 0.01875 0.021354166666666667
1 0.19453125 0.5703125 0.019921875 0.022395833333333334
1 0.181640625 0.675 0.0453125 0.0578125