0 0.890234375 0.2557291666666667 0.03359375 0.044270833333333336
0 0.5453125 0.7166666666666667 0.025 0.0296875
0 0.39296875 0.7229166666666667 0.02421875 0.025
1 0.312109375 0.6244791666666667 0.01953125 0.026041666666666668
1 0.23125 0.484375 0.021875 0.03333333333333333
1 0.855078125 0.9848958333333333 0.01875 0.027604166666666666
0 0.837890625 0.35 0.01875 0.026041666666666668
0 0.09921875 0.43385416666666665 0.015234375 0.034895833333333334
0 0.7921875 0.6354166666666666 0.0140625 0.0265625
1 0.6515625 0.9333333333333333 0.01875 0.0265625
1 0.846484375 0.03333333333333333 0.01953125 0.0265625
1 0.58515625 0.12552083333333333 0.0203125 0.028125