1 0.495703125 0.459375 0.02109375 0.0265625
0 0.605859375 0.8213541666666667 0.04296875 0.05677083333333333
0 0.349609375 0.9385416666666667 0.021484375 0.027083333333333334
0 0.69140625 0.9807291666666667 0.015625 0.030208333333333334
1 0.770703125 0.8046875 0.014453125 0.015104166666666667
0 0.926953125 0.7708333333333334 0.042578125 0.059895833333333336
1 0.862890625 0.578125 0.01796875 0.024479166666666666
1 0.036328125 0.0140625 0.0171875 0.020833333333333332
1 0.420703125 0.10364583333333334 0.021484375 0.025520833333333333
0 0.581640625 0.09635416666666667 0.019921875 0.027604166666666666
0 0.67265625 0.058854166666666666 0.035546875 0.0546875
0 0.8828125 0.11875 0.01875 0.026041666666666668
1 0.214453125 0.11979166666666667 0.01953125 0.028645833333333332
0 0.36484375 0.20052083333333334 0.0359375 0.05625
1 0.834375 0.37135416666666665 0.019921875 0.028645833333333332
1 0.70546875 0.4979166666666667 0.021484375 0.025520833333333333
0 0.26875 0.4432291666666667 0.01953125 0.024479166666666666
1 0.153125 0.5765625 0.04375 0.0546875
1 0.2265625 0.7302083333333333 0.020703125 0.027083333333333334