1 0.043359375 0.7130208333333333 0.01875 0.021354166666666667
1 0.512890625 0.165625 0.01484375 0.013541666666666667
1 0.240625 0.6302083333333334 0.009375 0.015625
1 0.828125 0.8354166666666667 0.0140625 0.023958333333333335
1 0.657421875 0.059375 0.05078125 0.058854166666666666
1 0.69140625 0.8869791666666667 0.015625 0.026041666666666668
0 0.18125 0.5760416666666667 0.051953125 0.06510416666666667
0 0.452734375 0.23177083333333334 0.015234375 0.0203125
1 0.5234375 0.81875 0.015234375 0.0265625
0 0.30625 0.8510416666666667 0.022265625 0.024479166666666666
1 0.823046875 0.35052083333333334 0.020703125 0.024479166666666666
1 0.749609375 0.40729166666666666 0.01484375 0.021354166666666667
1 0.89140625 0.3625 0.00625 0.009375
1 0.637109375 0.5125 0.01953125 0.025520833333333333
1 0.953125 0.2921875 0.0171875 0.023958333333333335
0 0.60546875 0.6229166666666667 0.0484375 0.058333333333333334
0 0.4390625 0.5572916666666666 0.01796875 0.0234375
1 0.80625 0.5505208333333333 0.018359375 0.022916666666666665
1 0.026171875 0.3182291666666667 0.019921875 0.024479166666666666
0 0.2796875 0.17708333333333334 0.05234375 0.06614583333333333
0 0.117578125 0.5088541666666667 0.01796875 0.021875
1 0.2890625 0.53125 0.01875 0.027604166666666666
1 0.3375 0.5541666666666667 0.01875 0.023958333333333335
1 0.180859375 0.29322916666666665 0.018359375 0.022916666666666665
0 0.90234375 0.06041666666666667 0.0171875 0.028125
0 0.734375 0.6932291666666667 0.0125 0.015625
0 0.343359375 0.06979166666666667 0.01875 0.026041666666666668
1 0.993359375 0.2708333333333333 0.01328125 0.025
1 0.426171875 0.9885416666666667 0.010546875 0.013020833333333334
1 0.33828125 0.9369791666666667 0.0109375 0.013020833333333334
1 0.215625 0.22916666666666666 0.01171875 0.015104166666666667
0 0.67265625 0.19375 0.0203125 0.022916666666666665
1 0.5140625 0.010416666666666666 0.012109375 0.020833333333333332
1 0.006640625 0.13489583333333333 0.012890625 0.014583333333333334
1 0.57734375 0.3255208333333333 0.023828125 0.0265625
0 0.72109375 0.04010416666666667 0.01796875 0.022916666666666665