1 0.555078125 0.09375 0.021484375 0.0234375
1 0.5234375 0.28958333333333336 0.01484375 0.025520833333333333
1 0.459765625 0.8682291666666667 0.016015625 0.015104166666666667
1 0.206640625 0.42864583333333334 0.010546875 0.013541666666666667
1 0.156640625 0.4546875 0.019921875 0.029166666666666667
0 0.2265625 0.878125 0.051171875 0.06510416666666667
0 0.308984375 0.5114583333333333 0.0484375 0.05520833333333333
0 0.88125 0.4046875 0.017578125 0.026041666666666668
1 0.2765625 0.0140625 0.023046875 0.026041666666666668
0 0.096484375 0.1234375 0.019140625 0.023958333333333335
1 0.461328125 0.7083333333333334 0.012109375 0.027604166666666666
1 0.88671875 0.5145833333333333 0.01875 0.015625
0 0.770703125 0.4244791666666667 0.0484375 0.06197916666666667
0 0.29140625 0.7713541666666667 0.017578125 0.023958333333333335
1 0.61953125 0.8958333333333334 0.019140625 0.021875
0 0.12734375 0.9921875 0.0203125 0.015625
0 0.006640625 0.09166666666666666 0.01328125 0.03229166666666667
1 0.451953125 0.678125 0.023828125 0.025520833333333333
1 0.28515625 0.8192708333333333 0.011328125 0.015625
1 0.08046875 0.5114583333333333 0.01484375 0.017708333333333333
1 0.01015625 0.6880208333333333 0.019140625 0.025
0 0.9 0.990625 0.01796875 0.01875
0 0.66875 0.7427083333333333 0.01953125 0.019791666666666666
1 0.709375 0.6015625 0.0109375 0.015104166666666667
0 0.85 0.7625 0.0171875 0.027604166666666666
1 0.943359375 0.9729166666666667 0.018359375 0.022916666666666665
1 0.995703125 0.9723958333333333 0.00859375 0.025
1 0.452734375 0.090625 0.04765625 0.06041666666666667
1 0.9921875 0.6328125 0.015625 0.021875
1 0.4 0.9348958333333334 0.013671875 0.020833333333333332
1 0.959375 0.17760416666666667 0.012890625 0.017708333333333333
0 0.619921875 0.4921875 0.02109375 0.026041666666666668
1 0.604296875 0.7625 0.0515625 0.059895833333333336
1 0.77265625 0.07916666666666666 0.019921875 0.022395833333333334
1 0.285546875 0.3171875 0.020703125 0.024479166666666666