0 0.87109375 0.8671875 0.01953125 0.0296875
0 0.35859375 0.2015625 0.022265625 0.028645833333333332
1 0.023828125 0.5880208333333333 0.02578125 0.030729166666666665
0 0.6375 0.1625 0.01640625 0.023958333333333335
0 0.11484375 0.5208333333333334 0.009765625 0.018229166666666668
1 0.562890625 0.4359375 0.016796875 0.023958333333333335
0 0.745703125 0.1125 0.046875 0.06145833333333333
0 0.47109375 0.5411458333333333 0.049609375 0.06197916666666667
0 0.938671875 0.09791666666666667 0.023828125 0.024479166666666666
0 0.46171875 0.6348958333333333 0.022265625 0.0265625
0 0.404296875 0.9380208333333333 0.021484375 0.028125
1 0.81953125 0.3854166666666667 0.023828125 0.027083333333333334
1 0.91640625 0.5265625 0.046875 0.05677083333333333
1 0.966796875 0.6083333333333333 0.019140625 0.0234375
1 0.725 0.9598958333333333 0.04375 0.05416666666666667
0 0.064453125 0.09114583333333333 0.055078125 0.06875
1 0.6421875 0.753125 0.02109375 0.025520833333333333
1 0.700390625 0.99375 0.01015625 0.0125
0 0.062109375 0.24947916666666667 0.01875 0.025520833333333333
1 0.15234375 0.7369791666666666 0.024609375 0.0296875
1 0.003125 0.0171875 0.005859375 0.019270833333333334
0 0.26640625 0.018229166666666668 0.019921875 0.028645833333333332
0 0.53203125 0.3645833333333333 0.016015625 0.021875