0 0.551171875 0.2671875 0.016796875 0.025520833333333333
0 0.376953125 0.6890625 0.019921875 0.025
1 0.466796875 0.7385416666666667 0.01953125 0.025
1 0.626953125 0.6760416666666667 0.0171875 0.024479166666666666
1 0.9703125 0.740625 0.009765625 0.0125
1 0.845703125 0.5791666666666667 0.01640625 0.022916666666666665
1 0.694140625 0.746875 0.017578125 0.027604166666666666
1 0.94765625 0.9802083333333333 0.019921875 0.027604166666666666
1 0.868359375 0.9526041666666667 0.0453125 0.0546875
1 0.791015625 0.7979166666666667 0.0234375 0.025
1 0.85625 0.65625 0.017578125 0.025
1 0.936328125 0.6442708333333333 0.01953125 0.025520833333333333
1 0.773828125 0.6109375 0.020703125 0.027083333333333334
1 0.35234375 0.44166666666666665 0.02109375 0.027604166666666666
1 0.52734375 0.678125 0.044140625 0.05572916666666667
1 0.791015625 0.6802083333333333 0.017578125 0.024479166666666666
1 0.742578125 0.9963541666666667 0.0171875 0.007291666666666667
1 0.1546875 0.9901041666666667 0.01875 0.019270833333333334
0 0.048828125 0.9890625 0.01953125 0.021875
0 0.637109375 0.9848958333333333 0.04453125 0.030208333333333334
1 0.261328125 0.9822916666666667 0.019140625 0.025520833333333333
1 0.352734375 0.9291666666666667 0.019140625 0.023958333333333335
1 0.451953125 0.9442708333333333 0.022265625 0.029166666666666667
1 0.451171875 0.8885416666666667 0.017578125 0.024479166666666666
0 0.617578125 0.8848958333333333 0.01796875 0.0234375
1 0.583203125 0.8104166666666667 0.0171875 0.022395833333333334
1 0.501953125 0.8479166666666667 0.0171875 0.024479166666666666
0 0.325 0.7979166666666667 0.01796875 0.026041666666666668
1 0.269140625 0.828125 0.041015625 0.05572916666666667
1 0.226953125 0.8541666666666666 0.016796875 0.0234375
0 0.12890625 0.8567708333333334 0.0171875 0.021875
0 0.203515625 0.6677083333333333 0.020703125 0.025
1 0.301953125 0.628125 0.02109375 0.027083333333333334
0 0.15859375 0.7739583333333333 0.04375 0.05416666666666667
1 0.599609375 0.5135416666666667 0.017578125 0.0265625
1 0.060546875 0.7947916666666667 0.018359375 0.028645833333333332
1 0.7484375 0.4479166666666667 0.016796875 0.022395833333333334
1 0.776953125 0.46979166666666666 0.046484375 0.058333333333333334
0 0.871875 0.40520833333333334 0.015234375 0.026041666666666668
0 0.6078125 0.4114583333333333 0.019140625 0.026041666666666668
1 0.316015625 0.5369791666666667 0.037109375 0.04895833333333333
1 0.48203125 0.5359375 0.01875 0.027604166666666666
1 0.04453125 0.5473958333333333 0.01796875 0.027083333333333334
1 0.096484375 0.6 0.043359375 0.05572916666666667
1 0.1828125 0.4947916666666667 0.019921875 0.027083333333333334
0 0.2453125 0.49322916666666666 0.01796875 0.024479166666666666
0 0.256640625 0.4328125 0.045703125 0.05677083333333333
1 0.2671875 0.3927083333333333 0.016796875 0.022395833333333334
0 0.422265625 0.49895833333333334 0.04375 0.0546875
1 0.816796875 0.2984375 0.021484375 0.027083333333333334
1 0.934765625 0.21979166666666666 0.01796875 0.029166666666666667
0 0.03671875 0.24427083333333333 0.0171875 0.021875
0 0.178125 0.2640625 0.018359375 0.0265625
0 0.009765625 0.39791666666666664 0.019140625 0.029166666666666667
1 0.431640625 0.3104166666666667 0.022265625 0.026041666666666668
1 0.272265625 0.25416666666666665 0.020703125 0.0296875
1 0.83671875 0.0859375 0.018359375 0.025520833333333333
1 0.1015625 0.2760416666666667 0.0171875 0.022916666666666665
1 0.111328125 0.38385416666666666 0.01796875 0.029166666666666667
1 0.685546875 0.2677083333333333 0.0171875 0.020833333333333332
1 0.99375 0.3671875 0.0125 0.042708333333333334
1 0.603515625 0.057291666666666664 0.023046875 0.028125
1 0.7 0.13125 0.0171875 0.025
1 0.722265625 0.2078125 0.04140625 0.05416666666666667
0 0.491796875 0.06979166666666667 0.01953125 0.025
1 0.393359375 0.14114583333333333 0.0453125 0.058333333333333334
1 0.3171875 0.06145833333333333 0.018359375 0.025
1 0.195703125 0.11979166666666667 0.041796875 0.05572916666666667
0 0.449609375 0.04375 0.017578125 0.022395833333333334
1 0.366796875 0.2015625 0.018359375 0.023958333333333335
1 0.084765625 0.13020833333333334 0.01953125 0.022916666666666665
1 0.055859375 0.18541666666666667 0.05 0.057291666666666664