1 0.18046875 0.7473958333333334 0.0171875 0.017708333333333333
1 0.99140625 0.3619791666666667 0.016796875 0.024479166666666666
1 0.776171875 0.1234375 0.020703125 0.028125
1 0.658203125 0.17083333333333334 0.01953125 0.024479166666666666
1 0.923828125 0.21770833333333334 0.0203125 0.030729166666666665
0 0.76484375 0.2671875 0.019140625 0.021354166666666667
1 0.26015625 0.7942708333333334 0.01796875 0.0296875
1 0.826953125 0.42604166666666665 0.0203125 0.026041666666666668
0 0.612109375 0.7151041666666667 0.01484375 0.021875
1 0.741015625 0.6411458333333333 0.0203125 0.024479166666666666
1 0.53828125 0.06510416666666667 0.010546875 0.014583333333333334
0 0.855078125 0.9708333333333333 0.018359375 0.0265625
1 0.04453125 0.6776041666666667 0.0203125 0.025520833333333333
1 0.966015625 0.5005208333333333 0.017578125 0.026041666666666668
1 0.490625 0.925 0.019140625 0.022916666666666665
1 0.881640625 0.7244791666666667 0.020703125 0.03229166666666667
0 0.655078125 0.9192708333333334 0.019140625 0.0234375
1 0.1234375 0.18645833333333334 0.0171875 0.011979166666666667
0 0.100390625 0.09270833333333334 0.04453125 0.05572916666666667
1 0.4875 0.3625 0.0203125 0.0265625
0 0.234375 0.8276041666666667 0.015625 0.019791666666666666
0 0.0140625 0.825 0.021484375 0.0234375
1 0.196875 0.1734375 0.0171875 0.026041666666666668
0 0.150390625 0.3828125 0.01796875 0.027083333333333334
0 0.30625 0.42864583333333334 0.01796875 0.022916666666666665
1 0.471484375 0.18697916666666667 0.044140625 0.05572916666666667
0 0.559375 0.4125 0.019921875 0.027083333333333334
1 0.47265625 0.5421875 0.01796875 0.026041666666666668
0 0.719140625 0.403125 0.042578125 0.0546875
1 0.421484375 0.6005208333333333 0.042578125 0.05260416666666667
0 0.333203125 0.609375 0.018359375 0.023958333333333335
0 0.207421875 0.6192708333333333 0.01953125 0.026041666666666668
1 0.0875 0.5510416666666667 0.018359375 0.024479166666666666
1 0.325 0.17083333333333334 0.021484375 0.028125
1 0.340234375 0.8760416666666667 0.02109375 0.024479166666666666