1 0.83359375 0.9901041666666667 0.012890625 0.016666666666666666
0 0.14140625 0.8333333333333334 0.012890625 0.0140625
0 0.9828125 0.030729166666666665 0.034375 0.06145833333333333
0 0.26484375 0.4625 0.018359375 0.023958333333333335
0 0.565234375 0.9515625 0.012890625 0.016145833333333335
0 0.31484375 0.9859375 0.01328125 0.025
0 0.459765625 0.6822916666666666 0.04140625 0.05572916666666667
0 0.642578125 0.975 0.053125 0.05
0 0.097265625 0.6828125 0.021484375 0.025520833333333333
0 0.48359375 0.3015625 0.046875 0.06354166666666666
0 0.287109375 0.7567708333333333 0.015625 0.021354166666666667
0 0.759765625 0.45 0.01953125 0.0265625
0 0.91328125 0.6583333333333333 0.0203125 0.028125
1 0.712109375 0.7197916666666667 0.022265625 0.0265625
0 0.575390625 0.1671875 0.018359375 0.021354166666666667
0 0.021484375 0.10625 0.04296875 0.05520833333333333
1 0.481640625 0.48541666666666666 0.019140625 0.027083333333333334
1 0.576171875 0.8197916666666667 0.013671875 0.0140625
0 0.16171875 0.2984375 0.02109375 0.0265625
0 0.38203125 0.2708333333333333 0.023046875 0.025
1 0.432421875 0.025 0.010546875 0.0171875
1 0.855859375 0.29322916666666665 0.01953125 0.026041666666666668
0 0.833984375 0.016666666666666666 0.016796875 0.025
1 0.49296875 0.14427083333333332 0.019140625 0.021354166666666667