0 0.80546875 0.9203125 0.016796875 0.015625
0 0.84453125 0.7244791666666667 0.015625 0.026041666666666668
1 0.88671875 0.3671875 0.023046875 0.03177083333333333
1 0.8203125 0.22552083333333334 0.023828125 0.013020833333333334
1 0.89140625 0.1015625 0.05234375 0.07083333333333333
1 0.503515625 0.2947916666666667 0.024609375 0.0328125
0 0.373046875 0.36666666666666664 0.01015625 0.016145833333333335
0 0.3859375 0.23802083333333332 0.009375 0.015104166666666667
1 0.06640625 0.12291666666666666 0.010546875 0.024479166666666666
1 0.99609375 0.6619791666666667 0.0078125 0.014583333333333334
1 0.15546875 0.31979166666666664 0.05703125 0.06822916666666666
1 0.00390625 0.4010416666666667 0.007421875 0.0125
1 0.32265625 0.4744791666666667 0.021875 0.035416666666666666
1 0.32578125 0.8015625 0.017578125 0.03125
1 0.491015625 0.7088541666666667 0.0203125 0.015104166666666667
1 0.59609375 0.65625 0.022265625 0.034895833333333334
1 0.8203125 0.9911458333333333 0.015625 0.015104166666666667
1 0.74609375 0.8036458333333333 0.023046875 0.027604166666666666