1 0.78828125 0.8583333333333333 0.0203125 0.025
1 0.971484375 0.38229166666666664 0.009375 0.0109375
1 0.088671875 0.2911458333333333 0.01328125 0.011458333333333333
1 0.10703125 0.1796875 0.010546875 0.013541666666666667
0 0.309765625 0.8723958333333334 0.011328125 0.0171875
0 0.515625 0.8515625 0.0140625 0.015104166666666667
1 0.29921875 0.575 0.0234375 0.03697916666666667
1 0.01875 0.4609375 0.0375 0.07604166666666666
1 0.693359375 0.5692708333333333 0.0140625 0.0203125
1 0.912109375 0.3296875 0.012890625 0.017708333333333333
1 0.901171875 0.3338541666666667 0.012890625 0.016666666666666666
1 0.964453125 0.2359375 0.0125 0.0171875
1 0.644140625 0.5947916666666667 0.01171875 0.018229166666666668
1 0.90390625 0.5307291666666667 0.022265625 0.020833333333333332
1 0.89765625 0.5583333333333333 0.06015625 0.0765625
0 0.244140625 0.3046875 0.01484375 0.013541666666666667
0 0.79609375 0.19947916666666668 0.01953125 0.025520833333333333
0 0.56796875 0.21927083333333333 0.0203125 0.0234375
1 0.967578125 0.0609375 0.058203125 0.08229166666666667
0 0.87109375 0.7354166666666667 0.026171875 0.026041666666666668
0 0.536328125 0.9786458333333333 0.055859375 0.042708333333333334
1 0.037890625 0.2640625 0.013671875 0.01875
1 0.70234375 0.5604166666666667 0.01328125 0.018229166666666668
0 0.822265625 0.45 0.01484375 0.015104166666666667
1 0.3546875 0.9911458333333333 0.012109375 0.017708333333333333
1 0.162890625 0.9453125 0.019140625 0.026041666666666668