0 0.617578125 0.9583333333333334 0.009765625 0.010416666666666666
0 0.91015625 0.778125 0.014453125 0.0125
0 0.965234375 0.1515625 0.03671875 0.0484375
1 0.87734375 0.6510416666666666 0.017578125 0.026041666666666668
1 0.052734375 0.0421875 0.025 0.03177083333333333
1 0.3171875 0.09635416666666667 0.012890625 0.016145833333333335
1 0.80546875 0.0578125 0.015625 0.021875
1 0.68984375 0.022916666666666665 0.022265625 0.03125
1 0.66953125 0.7890625 0.021484375 0.027083333333333334
1 0.685546875 0.9151041666666667 0.055859375 0.0796875
1 0.321875 0.6453125 0.059375 0.08020833333333334
1 0.084765625 0.9010416666666666 0.021875 0.023958333333333335
1 0.638671875 0.22708333333333333 0.0234375 0.030729166666666665
1 0.042578125 0.7296875 0.01875 0.0296875
1 0.20390625 0.3572916666666667 0.02421875 0.0265625
1 0.536328125 0.3458333333333333 0.02109375 0.03125
1 0.932421875 0.9104166666666667 0.014453125 0.028645833333333332