1 0.239453125 0.05416666666666667 0.019140625 0.0328125
1 0.901953125 0.5765625 0.02109375 0.0265625
1 0.48125 0.45208333333333334 0.044921875 0.071875
1 0.53671875 0.596875 0.01953125 0.034375
1 0.9140625 0.7848958333333333 0.01875 0.036458333333333336
0 0.605078125 0.7010416666666667 0.02109375 0.034375
1 0.208984375 0.6380208333333334 0.023828125 0.0296875
0 0.101953125 0.8338541666666667 0.01171875 0.0171875
0 0.85703125 0.615625 0.009765625 0.011458333333333333
1 0.790625 0.2296875 0.01875 0.0234375
1 0.92890625 0.2947916666666667 0.026171875 0.030208333333333334
1 0.457421875 0.1734375 0.017578125 0.030729166666666665
1 0.994140625 0.2598958333333333 0.01171875 0.027604166666666666
1 0.30703125 0.31979166666666664 0.056640625 0.078125
0 0.107421875 0.07916666666666666 0.051171875 0.071875
1 0.290625 0.809375 0.021875 0.034895833333333334
1 0.101171875 0.3177083333333333 0.020703125 0.030729166666666665
1 0.095703125 0.9458333333333333 0.021875 0.034895833333333334
0 0.041796875 0.828125 0.011328125 0.01875
1 0.42109375 0.6744791666666666 0.02578125 0.03229166666666667