1 0.78984375 0.30104166666666665 0.01796875 0.021875
1 0.3859375 0.0671875 0.01328125 0.015625
1 0.32890625 0.4484375 0.0140625 0.019270833333333334
1 0.66015625 0.5505208333333333 0.015625 0.0234375
0 0.3515625 0.9640625 0.040625 0.0515625
1 0.49765625 0.34375 0.038671875 0.051041666666666666
1 0.4703125 0.5770833333333333 0.03671875 0.04791666666666667
1 0.075 0.5875 0.037890625 0.046875
0 0.16328125 0.5567708333333333 0.016015625 0.021354166666666667
1 0.57578125 0.7817708333333333 0.0390625 0.050520833333333334
1 0.6578125 0.7932291666666667 0.014453125 0.023958333333333335
1 0.951953125 0.1296875 0.0125 0.015625
1 0.83671875 0.8338541666666667 0.008984375 0.010416666666666666
1 0.72109375 0.74375 0.008984375 0.0109375
1 0.94296875 0.20260416666666667 0.01953125 0.030208333333333334
1 0.583984375 0.24479166666666666 0.0171875 0.017708333333333333
1 0.966796875 0.640625 0.0375 0.05
1 0.930859375 0.48854166666666665 0.0390625 0.04479166666666667
1 0.6640625 0.36666666666666664 0.0328125 0.04739583333333333
1 0.75625 0.3265625 0.01640625 0.020833333333333332
1 0.902734375 0.35572916666666665 0.0125 0.017708333333333333
1 0.866015625 0.5072916666666667 0.015234375 0.0203125
1 0.971484375 0.6848958333333334 0.014453125 0.019270833333333334
1 0.510546875 0.010416666666666666 0.03828125 0.020833333333333332
1 0.8546875 0.940625 0.017578125 0.018229166666666668
1 0.7484375 0.9015625 0.034375 0.03802083333333333
1 0.573828125 0.1390625 0.0171875 0.021875
1 0.722265625 0.07604166666666666 0.015234375 0.018229166666666668
1 0.662890625 0.027083333333333334 0.0171875 0.01875
0 0.3734375 0.3260416666666667 0.016796875 0.019270833333333334
1 0.021875 0.8333333333333334 0.007421875 0.011458333333333333
0 0.0984375 0.9036458333333334 0.0375 0.0546875
1 0.493359375 0.7260416666666667 0.015234375 0.019791666666666666
1 0.14375 0.2984375 0.014453125 0.0203125
1 0.8171875 0.7078125 0.03515625 0.04635416666666667
1 0.100390625 0.6776041666666667 0.013671875 0.014583333333333334
1 0.548046875 0.5791666666666667 0.014453125 0.019791666666666666
1 0.455859375 0.22604166666666667 0.01484375 0.021875
1 0.35390625 0.6520833333333333 0.038671875 0.0515625
0 0.05078125 0.17604166666666668 0.016015625 0.019791666666666666
1 0.2171875 0.3229166666666667 0.039453125 0.04791666666666667
1 0.833984375 0.5911458333333334 0.015625 0.01875
1 0.03671875 0.690625 0.016796875 0.019270833333333334
0 0.29765625 0.146875 0.014453125 0.018229166666666668
1 0.244921875 0.9802083333333333 0.03203125 0.03958333333333333
0 0.519921875 0.41354166666666664 0.0140625 0.016145833333333335
1 0.1953125 0.8078125 0.030859375 0.044270833333333336
1 0.252734375 0.6973958333333333 0.013671875 0.021875
1 0.153515625 0.7322916666666667 0.015234375 0.0234375
1 0.38203125 0.74375 0.016015625 0.0234375
1 0.401953125 0.8265625 0.015625 0.021875
1 0.29609375 0.7776041666666667 0.0171875 0.013541666666666667