1 0.924609375 0.008333333333333333 0.013671875 0.016145833333333335
0 0.765625 0.375 0.02421875 0.019791666666666666
0 0.829296875 0.8921875 0.02109375 0.028125
0 0.270703125 0.5744791666666667 0.01875 0.021354166666666667
1 0.0515625 0.11770833333333333 0.0234375 0.024479166666666666
0 0.350390625 0.06614583333333333 0.01640625 0.025520833333333333
1 0.6109375 0.13489583333333333 0.012890625 0.01875
0 0.060546875 0.740625 0.014453125 0.018229166666666668
1 0.3671875 0.8052083333333333 0.015234375 0.016145833333333335
1 0.931640625 0.834375 0.01484375 0.019270833333333334
1 0.98046875 0.9265625 0.038671875 0.07239583333333334
0 0.412109375 0.8729166666666667 0.01953125 0.022916666666666665
0 0.255078125 0.8151041666666666 0.050390625 0.075
0 0.398828125 0.40989583333333335 0.021484375 0.0234375
1 0.926171875 0.27447916666666666 0.022265625 0.027604166666666666
1 0.39375 0.5588541666666667 0.011328125 0.0140625
1 0.085546875 0.7692708333333333 0.0125 0.015625
1 0.4125 0.18385416666666668 0.01484375 0.023958333333333335
1 0.73828125 0.37083333333333335 0.01875 0.021875
0 0.7046875 0.28541666666666665 0.0140625 0.021875
0 0.038671875 0.46875 0.0203125 0.024479166666666666
0 0.905078125 0.15677083333333333 0.015625 0.021875
1 0.91640625 0.028645833333333332 0.011328125 0.019791666666666666
1 0.879296875 0.32083333333333336 0.0109375 0.018229166666666668