0 0.530078125 0.18333333333333332 0.05625 0.07291666666666667
1 0.284765625 0.49270833333333336 0.0171875 0.024479166666666666
1 0.527734375 0.22760416666666666 0.010546875 0.015104166666666667
0 0.827734375 0.021354166666666667 0.023046875 0.025520833333333333
1 0.907421875 0.37395833333333334 0.021875 0.0265625
1 0.97109375 0.10052083333333334 0.023046875 0.036458333333333336
1 0.61953125 0.9125 0.02578125 0.016145833333333335
1 0.3703125 0.99375 0.02421875 0.0125
1 0.721484375 0.6807291666666667 0.0078125 0.0109375
0 0.67890625 0.41875 0.01796875 0.025
1 0.362890625 0.8916666666666667 0.025390625 0.029166666666666667
1 0.05078125 0.6734375 0.023828125 0.0328125
1 0.640234375 0.6005208333333333 0.0578125 0.0734375
0 0.87890625 0.9057291666666667 0.02109375 0.030729166666666665
1 0.126953125 0.6947916666666667 0.021484375 0.0296875
1 0.152734375 0.9296875 0.058203125 0.07864583333333333
1 0.93046875 0.2682291666666667 0.05546875 0.0765625
1 0.126953125 0.042708333333333334 0.027734375 0.030729166666666665
1 0.09140625 0.39479166666666665 0.061328125 0.07552083333333333