1 0.86328125 0.030208333333333334 0.054296875 0.059895833333333336
1 0.258984375 0.7671875 0.02109375 0.0328125
1 0.03046875 0.035416666666666666 0.0203125 0.024479166666666666
1 0.8328125 0.28854166666666664 0.0234375 0.034375
1 0.837109375 0.8302083333333333 0.05078125 0.07239583333333334
1 0.487109375 0.5166666666666667 0.055859375 0.0765625
1 0.422265625 0.23541666666666666 0.060546875 0.07447916666666667
1 0.32109375 0.3932291666666667 0.025 0.029166666666666667
1 0.60546875 0.17916666666666667 0.020703125 0.025520833333333333
1 0.03125 0.384375 0.05859375 0.0734375
0 0.130078125 0.4578125 0.01640625 0.030208333333333334
0 0.62109375 0.7119791666666667 0.023046875 0.023958333333333335
1 0.81328125 0.7401041666666667 0.022265625 0.0296875
1 0.07421875 0.06458333333333334 0.025 0.027083333333333334
1 0.75234375 0.45260416666666664 0.01484375 0.013020833333333334
1 0.291015625 0.013020833333333334 0.02265625 0.026041666666666668