1 0.264453125 0.6833333333333333 0.02578125 0.0296875
0 0.2015625 0.9708333333333333 0.0234375 0.027083333333333334
1 0.5234375 0.9067708333333333 0.026171875 0.028645833333333332
1 0.48984375 0.8473958333333333 0.020703125 0.0484375
1 0.285546875 0.8255208333333334 0.022265625 0.03333333333333333
1 0.861328125 0.721875 0.019921875 0.0203125
1 0.76328125 0.13802083333333334 0.025 0.0265625
0 0.53984375 0.5369791666666667 0.049609375 0.07604166666666666
1 0.835546875 0.40520833333333334 0.01328125 0.021875
1 0.659765625 0.39479166666666665 0.025390625 0.028645833333333332
1 0.3125 0.18802083333333333 0.057421875 0.07604166666666666
1 0.212890625 0.2989583333333333 0.022265625 0.03125
1 0.872265625 0.39375 0.02109375 0.028645833333333332
1 0.09765625 0.8171875 0.0234375 0.03177083333333333
1 0.090234375 0.6494791666666667 0.01953125 0.025
0 0.2390625 0.7921875 0.016015625 0.020833333333333332
1 0.187890625 0.6473958333333333 0.022265625 0.03333333333333333
1 0.853125 0.9833333333333333 0.025390625 0.0328125
1 0.651171875 0.9109375 0.05078125 0.07447916666666667
1 0.655859375 0.9557291666666666 0.0125 0.0140625
1 0.5609375 0.8786458333333333 0.00859375 0.021354166666666667