1 0.971484375 0.9666666666666667 0.015625 0.020833333333333332
1 0.03828125 0.47760416666666666 0.0234375 0.030208333333333334
1 0.111328125 0.5880208333333333 0.03671875 0.0484375
0 0.99296875 0.27447916666666666 0.013671875 0.019270833333333334
0 0.80234375 0.9291666666666667 0.0140625 0.0203125
1 0.116796875 0.2786458333333333 0.03984375 0.0515625
1 0.415234375 0.3380208333333333 0.03671875 0.05260416666666667
1 0.5328125 0.5161458333333333 0.0171875 0.019270833333333334
1 0.028125 0.56875 0.015234375 0.05572916666666667
0 0.892578125 0.43333333333333335 0.011328125 0.016666666666666666
0 0.56171875 0.7489583333333333 0.01328125 0.016666666666666666
0 0.60390625 0.6953125 0.011328125 0.015104166666666667
1 0.774609375 0.4161458333333333 0.013671875 0.023958333333333335
1 0.812890625 0.6447916666666667 0.0359375 0.04739583333333333
0 0.55625 0.6973958333333333 0.025390625 0.0359375
1 0.78984375 0.8223958333333333 0.01328125 0.0234375
1 0.690234375 0.4473958333333333 0.037109375 0.052083333333333336
0 0.653125 0.5026041666666666 0.015234375 0.014583333333333334
1 0.457421875 0.5145833333333333 0.014453125 0.0234375
1 0.734765625 0.2515625 0.018359375 0.026041666666666668
1 0.162890625 0.9786458333333333 0.031640625 0.04010416666666667
0 0.55625 0.3421875 0.015234375 0.021354166666666667
1 0.734765625 0.6036458333333333 0.01953125 0.022395833333333334
0 0.433203125 0.020833333333333332 0.01796875 0.017708333333333333
1 0.65078125 0.634375 0.01484375 0.023958333333333335
1 0.83359375 0.38645833333333335 0.016796875 0.021875
0 0.49375 0.26510416666666664 0.015625 0.019791666666666666
1 0.63125 0.11875 0.0125 0.022916666666666665
1 0.872265625 0.24791666666666667 0.019921875 0.022395833333333334
0 0.834765625 0.24479166666666666 0.01640625 0.023958333333333335
1 0.215625 0.07552083333333333 0.01640625 0.01875
1 0.314453125 0.14895833333333333 0.0125 0.01875
1 0.545703125 0.14583333333333334 0.040625 0.053125
1 0.2390625 0.08854166666666667 0.0171875 0.014583333333333334
0 0.4921875 0.975 0.016796875 0.019791666666666666
1 0.633203125 0.8302083333333333 0.014453125 0.019791666666666666
1 0.91328125 0.6755208333333333 0.01484375 0.019270833333333334
1 0.389453125 0.37552083333333336 0.01484375 0.01875
1 0.403125 0.671875 0.015234375 0.020833333333333332
1 0.126953125 0.3572916666666667 0.015625 0.0203125
1 0.32265625 0.646875 0.015625 0.01875
1 0.65234375 0.8546875 0.033984375 0.04583333333333333
1 0.412109375 0.7822916666666667 0.0359375 0.046875
0 0.851953125 0.7541666666666667 0.013671875 0.022916666666666665
1 0.937109375 0.0359375 0.014453125 0.027083333333333334
1 0.2421875 0.5661458333333333 0.0359375 0.046875
0 0.759375 0.9666666666666667 0.033203125 0.04739583333333333
1 0.943359375 0.7192708333333333 0.01640625 0.020833333333333332
0 0.726953125 0.9140625 0.0140625 0.014583333333333334
1 0.434375 0.753125 0.01328125 0.022916666666666665
1 0.35859375 0.5036458333333333 0.012109375 0.0171875
1 0.30859375 0.89375 0.0125 0.016666666666666666
1 0.076171875 0.840625 0.016015625 0.018229166666666668
1 0.2046875 0.24322916666666666 0.0171875 0.021875
1 0.01484375 0.7901041666666667 0.01796875 0.019270833333333334
1 0.321875 0.6932291666666667 0.013671875 0.020833333333333332
1 0.297265625 0.9682291666666667 0.017578125 0.027083333333333334