1 0.4046875 0.7958333333333333 0.03515625 0.04791666666666667
0 0.909765625 0.8895833333333333 0.01953125 0.019270833333333334
1 0.641796875 0.15052083333333333 0.015234375 0.022395833333333334
1 0.679296875 0.6286458333333333 0.0171875 0.020833333333333332
1 0.246484375 0.9817708333333334 0.019140625 0.019270833333333334
1 0.078125 0.5197916666666667 0.018359375 0.0234375
1 0.39375 0.23489583333333333 0.01484375 0.0234375
0 0.97890625 0.6260416666666667 0.038671875 0.04791666666666667
1 0.321875 0.6354166666666666 0.014453125 0.022395833333333334
1 0.52109375 0.9088541666666666 0.016796875 0.021354166666666667
1 0.421484375 0.7078125 0.0140625 0.01875
0 0.7046875 0.159375 0.037109375 0.04583333333333333
1 0.337109375 0.3828125 0.016015625 0.021354166666666667
1 0.040625 0.22135416666666666 0.0125 0.021354166666666667
0 0.75390625 0.049479166666666664 0.013671875 0.016666666666666666
1 0.828125 0.315625 0.019140625 0.020833333333333332
1 0.944921875 0.17083333333333334 0.016015625 0.0171875
1 0.946875 0.8223958333333333 0.020703125 0.01875
1 0.237109375 0.6276041666666666 0.036328125 0.04739583333333333
1 0.4796875 0.22447916666666667 0.037109375 0.04895833333333333
0 0.251953125 0.2791666666666667 0.01640625 0.0203125
0 0.225 0.1125 0.012109375 0.019270833333333334
0 0.597265625 0.9442708333333333 0.016796875 0.01875
1 0.70234375 0.7375 0.0390625 0.0515625
1 0.0484375 0.013541666666666667 0.0421875 0.027083333333333334
0 0.33671875 0.13177083333333334 0.0140625 0.026041666666666668
1 0.494140625 0.5401041666666667 0.01484375 0.025520833333333333
0 0.852734375 0.09635416666666667 0.01796875 0.021354166666666667