0 0.973828125 0.4552083333333333 0.022265625 0.023958333333333335
0 0.229296875 0.45416666666666666 0.026171875 0.022916666666666665
1 0.90390625 0.0765625 0.02421875 0.0328125
0 0.933984375 0.5744791666666667 0.020703125 0.0265625
0 0.3 0.35208333333333336 0.01796875 0.023958333333333335
0 0.540234375 0.6901041666666666 0.0203125 0.027604166666666666
1 0.373046875 0.8354166666666667 0.057421875 0.07552083333333333
1 0.3109375 0.08125 0.0578125 0.08020833333333334
1 0.16171875 0.09635416666666667 0.01328125 0.01875
0 0.698828125 0.12760416666666666 0.055078125 0.08020833333333334
0 0.566796875 0.016145833333333335 0.02109375 0.03229166666666667
1 0.801171875 0.8020833333333334 0.0453125 0.07916666666666666
1 0.693359375 0.390625 0.0234375 0.034375
1 0.527734375 0.2984375 0.0265625 0.03125
0 0.227734375 0.7791666666666667 0.019140625 0.026041666666666668
0 0.01328125 0.6838541666666667 0.0265625 0.0765625
0 0.96328125 0.5755208333333334 0.01875 0.026041666666666668
0 0.992578125 0.221875 0.01484375 0.06614583333333333