0 0.498828125 0.08333333333333333 0.0203125 0.0234375
1 0.3046875 0.48072916666666665 0.021875 0.03333333333333333
0 0.125 0.30364583333333334 0.023828125 0.028125
1 0.13828125 0.5364583333333334 0.058984375 0.075
1 0.132421875 0.020833333333333332 0.01875 0.0328125
1 0.458203125 0.32760416666666664 0.015625 0.020833333333333332
1 0.628125 0.7286458333333333 0.05390625 0.07760416666666667
1 0.84140625 0.32708333333333334 0.015625 0.01875
1 0.367578125 0.6947916666666667 0.025 0.0265625
0 0.987890625 0.4666666666666667 0.02421875 0.0265625
1 0.660546875 0.45989583333333334 0.024609375 0.03229166666666667
1 0.20390625 0.8067708333333333 0.0203125 0.027604166666666666
0 0.978125 0.8885416666666667 0.023828125 0.028645833333333332
0 0.932421875 0.011979166666666667 0.05625 0.023958333333333335