1 0.438671875 0.0109375 0.021484375 0.021875
0 0.165625 0.765625 0.039453125 0.06041666666666667
1 0.8984375 0.509375 0.023046875 0.0390625
1 0.4515625 0.828125 0.0078125 0.0109375
0 0.294921875 0.8588541666666667 0.022265625 0.0296875
1 0.7140625 0.16666666666666666 0.046484375 0.07395833333333333
0 0.644921875 0.7666666666666667 0.0296875 0.019791666666666666
1 0.926171875 0.9135416666666667 0.0171875 0.021354166666666667
1 0.732421875 0.28020833333333334 0.021484375 0.030729166666666665
0 0.593359375 0.6921875 0.057421875 0.08020833333333334
1 0.408203125 0.9572916666666667 0.01328125 0.029166666666666667
1 0.59296875 0.4984375 0.02734375 0.0328125
1 0.926953125 0.9421875 0.022265625 0.019791666666666666
0 0.244921875 0.27447916666666666 0.019921875 0.030208333333333334
1 0.88828125 0.9432291666666667 0.0171875 0.0296875
1 0.167578125 0.61875 0.0171875 0.030208333333333334
1 0.6953125 0.0609375 0.01640625 0.022395833333333334
1 0.9046875 0.1703125 0.0234375 0.027604166666666666
1 0.975 0.8572916666666667 0.01796875 0.027604166666666666
0 0.062890625 0.6020833333333333 0.01875 0.025520833333333333