1 0.628515625 0.21666666666666667 0.0140625 0.021354166666666667
1 0.16328125 0.42239583333333336 0.0375 0.053125
0 0.275390625 0.7984375 0.01796875 0.019791666666666666
1 0.18125 0.1953125 0.01484375 0.013541666666666667
1 0.730859375 0.6552083333333333 0.016796875 0.0234375
1 0.9765625 0.4276041666666667 0.016015625 0.022916666666666665
0 0.879296875 0.09895833333333333 0.016015625 0.021875
1 0.18671875 0.07291666666666667 0.009765625 0.011979166666666667
1 0.312109375 0.8265625 0.007421875 0.01875
1 0.58515625 0.2375 0.009765625 0.015625
1 0.00546875 0.059895833333333336 0.0109375 0.018229166666666668
1 0.48671875 0.5692708333333333 0.015625 0.019791666666666666
0 0.21171875 0.2630208333333333 0.01484375 0.019270833333333334
1 0.682421875 0.94375 0.01328125 0.0203125
1 0.873828125 0.6442708333333333 0.016015625 0.019270833333333334
0 0.208203125 0.029166666666666667 0.013671875 0.0171875
1 0.14921875 0.9682291666666667 0.041796875 0.05520833333333333
0 0.346484375 0.20625 0.014453125 0.024479166666666666
1 0.4390625 0.725 0.042578125 0.05364583333333333
1 0.018359375 0.7802083333333333 0.016796875 0.0171875
0 0.314453125 0.5411458333333333 0.01328125 0.013541666666666667
0 0.550390625 0.34322916666666664 0.016796875 0.020833333333333332
1 0.2578125 0.22239583333333332 0.01484375 0.0203125
1 0.200390625 0.659375 0.018359375 0.0203125
1 0.483984375 0.5520833333333334 0.019921875 0.0171875
1 0.85234375 0.5442708333333334 0.0375 0.052083333333333336
1 0.59453125 0.7911458333333333 0.0171875 0.021875
1 0.886328125 0.24583333333333332 0.03515625 0.046875
0 0.435546875 0.42552083333333335 0.040625 0.04479166666666667
1 0.427734375 0.07083333333333333 0.03828125 0.051041666666666666
1 0.689453125 0.5072916666666667 0.01796875 0.0234375
0 0.562890625 0.08072916666666667 0.016796875 0.019791666666666666