0 0.651171875 0.034895833333333334 0.016796875 0.028125
0 0.574609375 0.07552083333333333 0.01875 0.025
0 0.7296875 0.9744791666666667 0.016796875 0.018229166666666668
0 0.471875 0.027083333333333334 0.010546875 0.018229166666666668
0 0.08203125 0.8609375 0.05625 0.0703125
0 0.8234375 0.4546875 0.012109375 0.017708333333333333
1 0.934375 0.0109375 0.02890625 0.021875
0 0.873046875 0.7244791666666667 0.0171875 0.021875
0 0.820703125 0.8677083333333333 0.018359375 0.025
1 0.542578125 0.7166666666666667 0.020703125 0.030208333333333334
0 0.669140625 0.27395833333333336 0.049609375 0.06197916666666667
0 0.877734375 0.6026041666666667 0.041796875 0.065625
0 0.405859375 0.1609375 0.01484375 0.026041666666666668
0 0.078515625 0.12604166666666666 0.05859375 0.05364583333333333
0 0.103125 0.3177083333333333 0.019921875 0.0203125
1 0.210546875 0.5869791666666667 0.02734375 0.016666666666666666
1 0.10625 0.5197916666666667 0.05859375 0.07395833333333333
0 0.255078125 0.534375 0.01171875 0.016145833333333335
1 0.32578125 0.6057291666666667 0.02109375 0.0296875
1 0.3921875 0.3223958333333333 0.05390625 0.06875