0 0.241796875 0.609375 0.01796875 0.026041666666666668
0 0.94453125 0.3614583333333333 0.025390625 0.030208333333333334
1 0.578515625 0.1421875 0.014453125 0.018229166666666668
0 0.42421875 0.35104166666666664 0.05 0.06927083333333334
0 0.29140625 0.22916666666666666 0.023828125 0.030729166666666665
1 0.1640625 0.05364583333333333 0.01640625 0.0265625
1 0.108984375 0.175 0.016796875 0.0234375
1 0.116796875 0.06145833333333333 0.023046875 0.013541666666666667
0 0.50703125 0.45364583333333336 0.0171875 0.026041666666666668
1 0.458984375 0.5203125 0.030078125 0.020833333333333332
1 0.365625 0.5645833333333333 0.0171875 0.0125
1 0.705078125 0.7609375 0.02578125 0.028125
1 0.7828125 0.64375 0.015234375 0.029166666666666667
1 0.844921875 0.15729166666666666 0.0171875 0.0171875
1 0.9875 0.7197916666666667 0.025 0.0359375
0 0.823828125 0.9635416666666666 0.01875 0.022916666666666665
0 0.008203125 0.8171875 0.01640625 0.034375