1 0.93828125 0.8 0.0203125 0.027604166666666666
1 0.149609375 0.9244791666666666 0.0546875 0.06875
1 0.566796875 0.29635416666666664 0.025 0.030208333333333334
1 0.2234375 0.3807291666666667 0.028125 0.03333333333333333
1 0.490234375 0.5765625 0.055859375 0.071875
1 0.87265625 0.5317708333333333 0.056640625 0.07447916666666667
0 0.69453125 0.9651041666666667 0.025390625 0.028125
1 0.014453125 0.278125 0.026171875 0.027604166666666666
1 0.45078125 0.4630208333333333 0.008203125 0.013541666666666667
0 0.042578125 0.7822916666666667 0.020703125 0.03229166666666667
0 0.146484375 0.55625 0.021875 0.027604166666666666
1 0.40703125 0.7859375 0.026953125 0.028125
0 0.860546875 0.29791666666666666 0.0234375 0.026041666666666668
1 0.86796875 0.015625 0.0171875 0.030729166666666665
0 0.236328125 0.8645833333333334 0.0171875 0.0265625