1 0.909765625 0.45729166666666665 0.025390625 0.028645833333333332
1 0.423828125 0.7026041666666667 0.02421875 0.033854166666666664
1 0.653125 0.07135416666666666 0.05390625 0.06041666666666667
1 0.731640625 0.36822916666666666 0.01640625 0.030208333333333334
1 0.2046875 0.3489583333333333 0.0234375 0.0328125
0 0.241015625 0.21197916666666666 0.054296875 0.06614583333333333
0 0.5671875 0.17447916666666666 0.021875 0.025
1 0.781640625 0.5786458333333333 0.05 0.03125
1 0.504296875 0.6197916666666666 0.02421875 0.03229166666666667
0 0.288671875 0.9635416666666666 0.05234375 0.07291666666666667
1 0.421484375 0.9359375 0.020703125 0.025
1 0.203125 0.7208333333333333 0.021484375 0.025
1 0.1703125 0.603125 0.021484375 0.0328125
1 0.09453125 0.5552083333333333 0.01796875 0.030208333333333334
1 0.811328125 0.13854166666666667 0.021484375 0.024479166666666666