0 0.67421875 0.6713541666666667 0.03125 0.025520833333333333
1 0.285546875 0.33125 0.023828125 0.0328125
0 0.72265625 0.7333333333333333 0.0203125 0.03333333333333333
1 0.3140625 0.12760416666666666 0.02421875 0.030208333333333334
0 0.665625 0.11979166666666667 0.018359375 0.024479166666666666
0 0.882421875 0.030208333333333334 0.023828125 0.03177083333333333
1 0.6859375 0.9546875 0.057421875 0.0515625
0 0.61875 0.5270833333333333 0.011328125 0.027083333333333334
0 0.21484375 0.9682291666666667 0.012890625 0.016145833333333335
0 0.236328125 0.8416666666666667 0.020703125 0.026041666666666668
0 0.251953125 0.6942708333333333 0.023046875 0.013541666666666667
1 0.131640625 0.6369791666666667 0.0609375 0.07447916666666667
1 0.94453125 0.6588541666666666 0.0140625 0.019270833333333334