1 0.490234375 0.19739583333333333 0.023046875 0.03854166666666667
1 0.94609375 0.7901041666666667 0.0234375 0.033854166666666664
1 0.64140625 0.7666666666666667 0.026171875 0.03229166666666667
1 0.334765625 0.528125 0.0203125 0.034375
1 0.563671875 0.5119791666666667 0.022265625 0.033854166666666664
1 0.39921875 0.953125 0.055078125 0.06145833333333333
1 0.0390625 0.6067708333333334 0.03125 0.03125
1 0.64765625 0.48333333333333334 0.059375 0.07239583333333334
0 0.6421875 0.9755208333333333 0.01015625 0.013020833333333334
1 0.930078125 0.33229166666666665 0.015625 0.022395833333333334
0 0.433984375 0.934375 0.011328125 0.018229166666666668
1 0.681640625 0.20885416666666667 0.02734375 0.029166666666666667
1 0.26171875 0.1953125 0.02578125 0.03697916666666667
1 0.7953125 0.30052083333333335 0.0078125 0.008333333333333333
1 0.28359375 0.30104166666666665 0.019921875 0.026041666666666668
1 0.07578125 0.28489583333333335 0.0234375 0.029166666666666667