1 0.14140625 0.8375 0.023046875 0.024479166666666666
1 0.358984375 0.7630208333333334 0.0234375 0.0328125
0 0.70078125 0.5848958333333333 0.056640625 0.07708333333333334
1 0.515234375 0.78125 0.027734375 0.028125
1 0.876953125 0.5432291666666667 0.023046875 0.03177083333333333
1 0.582421875 0.5739583333333333 0.0171875 0.017708333333333333
1 0.9953125 0.928125 0.009375 0.022916666666666665
1 0.365234375 0.6770833333333334 0.01640625 0.015104166666666667
1 0.77734375 0.275 0.02265625 0.03229166666666667
1 0.39609375 0.32447916666666665 0.0203125 0.0296875
1 0.56171875 0.94375 0.0234375 0.0390625
1 0.883984375 0.015625 0.022265625 0.030729166666666665
1 0.449609375 0.05677083333333333 0.01953125 0.019270833333333334
1 0.382421875 0.39114583333333336 0.05859375 0.07760416666666667
0 0.0296875 0.334375 0.026171875 0.03177083333333333
1 0.127734375 0.090625 0.021484375 0.0328125
1 0.5734375 0.6770833333333334 0.02734375 0.023958333333333335