0 0.8203125 0.6598958333333333 0.016796875 0.022395833333333334
1 0.520703125 0.13697916666666668 0.0203125 0.03125
1 0.446484375 0.5734375 0.013671875 0.01875
1 0.304296875 0.04635416666666667 0.01640625 0.0171875
0 0.25390625 0.5598958333333334 0.01484375 0.019270833333333334
0 0.934375 0.6036458333333333 0.016796875 0.0234375
0 0.75625 0.74375 0.04296875 0.043229166666666666
1 0.698046875 0.013020833333333334 0.023828125 0.025520833333333333
0 0.944921875 0.10520833333333333 0.018359375 0.023958333333333335
1 0.507421875 0.79375 0.021484375 0.0296875
0 0.35234375 0.7671875 0.024609375 0.0296875
1 0.102734375 0.2453125 0.0125 0.016666666666666666
0 0.5796875 0.45625 0.015625 0.021354166666666667