0 0.919921875 0.3625 0.017578125 0.023958333333333335
0 0.35390625 0.19375 0.023046875 0.030729166666666665
1 0.075 0.5135416666666667 0.025390625 0.0265625
1 0.609375 0.13697916666666668 0.0484375 0.07604166666666666
0 0.393359375 0.934375 0.021484375 0.027083333333333334
1 0.304296875 0.5510416666666667 0.01328125 0.028125
1 0.81875 0.07916666666666666 0.014453125 0.019270833333333334
1 0.965625 0.096875 0.05703125 0.0796875
0 0.83671875 0.44479166666666664 0.0265625 0.0203125
1 0.130859375 0.0078125 0.028515625 0.015104166666666667
1 0.93046875 0.8536458333333333 0.059375 0.078125
0 0.794140625 0.765625 0.01875 0.025520833333333333
0 0.584375 0.6197916666666666 0.059765625 0.08072916666666667
1 0.024609375 0.8671875 0.02578125 0.027083333333333334
0 0.488671875 0.4427083333333333 0.019140625 0.025
0 0.313671875 0.058333333333333334 0.05 0.07291666666666667
1 0.237890625 0.5911458333333334 0.051171875 0.06979166666666667
0 0.1984375 0.05520833333333333 0.01640625 0.023958333333333335