1 0.039453125 0.478125 0.014453125 0.017708333333333333
1 0.321484375 0.2546875 0.011328125 0.0203125
1 0.785546875 0.6635416666666667 0.02421875 0.0328125
1 0.81953125 0.23489583333333333 0.02421875 0.029166666666666667
1 0.51015625 0.9359375 0.02109375 0.025520833333333333
1 0.461328125 0.5875 0.02265625 0.030208333333333334
1 0.515625 0.3302083333333333 0.0265625 0.030729166666666665
1 0.637109375 0.04635416666666667 0.05390625 0.07239583333333334
1 0.270703125 0.04010416666666667 0.020703125 0.027604166666666666
1 0.45859375 0.8489583333333334 0.06015625 0.07447916666666667
0 0.99453125 0.6296875 0.0109375 0.0375
1 0.234765625 0.1765625 0.012890625 0.017708333333333333
1 0.13828125 0.27708333333333335 0.02109375 0.023958333333333335
1 0.624609375 0.2734375 0.01953125 0.022395833333333334
1 0.1578125 0.5833333333333334 0.0234375 0.030729166666666665