1 0.02890625 0.121875 0.021875 0.03333333333333333
1 0.113671875 0.7057291666666666 0.02578125 0.027604166666666666
0 0.105859375 0.9807291666666667 0.014453125 0.019791666666666666
1 0.165625 0.8921875 0.021875 0.03177083333333333
1 0.20078125 0.010416666666666666 0.015234375 0.016145833333333335
0 0.665234375 0.315625 0.0203125 0.022916666666666665
0 0.89609375 0.3171875 0.0453125 0.057291666666666664
1 0.946875 0.12552083333333333 0.01640625 0.017708333333333333
0 0.4921875 0.33958333333333335 0.01953125 0.025
0 0.463671875 0.8145833333333333 0.019921875 0.03229166666666667
1 0.790625 0.73125 0.024609375 0.035416666666666666
0 0.3703125 0.5947916666666667 0.0453125 0.07760416666666667
0 0.496484375 0.740625 0.01796875 0.023958333333333335
1 0.309375 0.27708333333333335 0.058203125 0.07708333333333334
1 0.44921875 0.228125 0.0171875 0.020833333333333332
0 0.109375 0.3145833333333333 0.015625 0.023958333333333335
1 0.523828125 0.0453125 0.020703125 0.03177083333333333
0 0.700390625 0.4703125 0.017578125 0.019791666666666666