1 0.123828125 0.4635416666666667 0.023828125 0.030729166666666665
1 0.15390625 0.5567708333333333 0.014453125 0.0171875
1 0.005078125 0.6182291666666667 0.01015625 0.030208333333333334
1 0.405859375 0.9609375 0.021484375 0.0375
1 0.40703125 0.7625 0.021484375 0.028645833333333332
0 0.55546875 0.7442708333333333 0.024609375 0.0359375
0 0.712890625 0.9651041666666667 0.036328125 0.04895833333333333
1 0.830078125 0.7177083333333333 0.020703125 0.0265625
1 0.527734375 0.7942708333333334 0.01328125 0.01875
1 0.015234375 0.8744791666666667 0.02421875 0.030208333333333334
0 0.91875 0.5505208333333333 0.024609375 0.03177083333333333
1 0.959375 0.050520833333333334 0.053125 0.08072916666666667
1 0.358984375 0.0875 0.047265625 0.06666666666666667
1 0.742578125 0.33645833333333336 0.02109375 0.0328125
1 0.03203125 0.05416666666666667 0.05 0.06770833333333333
1 0.40625 0.45729166666666665 0.01953125 0.03229166666666667
1 0.55625 0.4078125 0.02265625 0.029166666666666667
1 0.69296875 0.32447916666666665 0.021484375 0.035416666666666666
1 0.589453125 0.0375 0.020703125 0.03333333333333333
1 0.120703125 0.8197916666666667 0.01875 0.035416666666666666