1 0.776953125 0.5458333333333333 0.020703125 0.030208333333333334
0 0.742578125 0.4921875 0.052734375 0.06979166666666667
0 0.415234375 0.234375 0.05703125 0.08072916666666667
0 0.209375 0.43020833333333336 0.02578125 0.027083333333333334
0 0.578125 0.5078125 0.024609375 0.03177083333333333
1 0.235546875 0.8776041666666666 0.01015625 0.027604166666666666
1 0.05859375 0.2890625 0.015625 0.018229166666666668
0 0.38671875 0.8692708333333333 0.026171875 0.030729166666666665
1 0.73203125 0.9864583333333333 0.02734375 0.027083333333333334
0 0.19921875 0.8515625 0.0234375 0.028125
1 0.246484375 0.8921875 0.0078125 0.014583333333333334
1 0.74921875 0.5833333333333334 0.0109375 0.011458333333333333
1 0.966796875 0.303125 0.05390625 0.06770833333333333