1 0.90625 0.6838541666666667 0.014453125 0.016145833333333335
0 0.046484375 0.38177083333333334 0.01328125 0.017708333333333333
0 0.179296875 0.6953125 0.012109375 0.0234375
1 0.162890625 0.4114583333333333 0.041015625 0.053125
1 0.523828125 0.609375 0.01484375 0.018229166666666668
1 0.616015625 0.3828125 0.015234375 0.025520833333333333
1 0.434375 0.7395833333333334 0.014453125 0.016145833333333335
1 0.84140625 0.15572916666666667 0.01328125 0.021354166666666667
0 0.173828125 0.89375 0.016015625 0.0171875
1 0.425 0.3140625 0.03828125 0.052083333333333336
1 0.666015625 0.07395833333333333 0.033984375 0.053125
1 0.798046875 0.6697916666666667 0.0125 0.021354166666666667
1 0.241796875 0.06614583333333333 0.01484375 0.016666666666666666
1 0.48125 0.1421875 0.014453125 0.0203125
1 0.79296875 0.29375 0.0109375 0.013020833333333334
1 0.00703125 0.15 0.013671875 0.042708333333333334
1 0.67421875 0.909375 0.0109375 0.013541666666666667
1 0.405859375 0.9098958333333333 0.010546875 0.0140625
1 0.649609375 0.5994791666666667 0.0140625 0.017708333333333333
0 0.737890625 0.66875 0.0421875 0.0546875
0 0.922265625 0.8697916666666666 0.039453125 0.0546875
0 0.298828125 0.6489583333333333 0.01796875 0.022395833333333334
1 0.96875 0.16770833333333332 0.015234375 0.021354166666666667
0 0.228515625 0.16041666666666668 0.018359375 0.021875
0 0.3234375 0.3536458333333333 0.01328125 0.015104166666666667