1 0.29140625 0.20833333333333334 0.01875 0.030729166666666665
1 0.411328125 0.37864583333333335 0.01640625 0.019791666666666666
0 0.3640625 0.8104166666666667 0.016796875 0.021875
1 0.008203125 0.5557291666666667 0.01640625 0.025520833333333333
1 0.783203125 0.065625 0.015625 0.026041666666666668
0 0.882421875 0.8401041666666667 0.0328125 0.044270833333333336
0 0.978125 0.9083333333333333 0.025390625 0.0375
0 0.79609375 0.17239583333333333 0.0140625 0.020833333333333332
1 0.64609375 0.09791666666666667 0.034375 0.0453125
0 0.753515625 0.20677083333333332 0.033984375 0.052083333333333336
0 0.7203125 0.15729166666666666 0.0140625 0.015625
0 0.40546875 0.025520833333333333 0.035546875 0.04635416666666667
1 0.866015625 0.4947916666666667 0.0140625 0.015625
1 0.803515625 0.4317708333333333 0.02890625 0.04010416666666667
1 0.28203125 0.4947916666666667 0.038671875 0.04479166666666667
1 0.15703125 0.21927083333333333 0.03046875 0.04114583333333333
0 0.473046875 0.9369791666666667 0.01640625 0.021875
1 0.561328125 0.7651041666666667 0.01484375 0.01875
1 0.411328125 0.475 0.01796875 0.020833333333333332
1 0.619140625 0.6182291666666667 0.015625 0.023958333333333335
1 0.54609375 0.4510416666666667 0.0359375 0.04791666666666667
1 0.65859375 0.684375 0.026171875 0.034895833333333334
0 0.696875 0.7947916666666667 0.015625 0.019791666666666666
1 0.21640625 0.5125 0.015234375 0.0203125
1 0.139453125 0.30572916666666666 0.01796875 0.022916666666666665
1 0.105859375 0.33125 0.0171875 0.020833333333333332
1 0.25390625 0.3609375 0.0125 0.0171875
1 0.3171875 0.646875 0.0375 0.05
1 0.322265625 0.6911458333333333 0.01484375 0.019270833333333334
1 0.44453125 0.7348958333333333 0.01484375 0.0234375
1 0.78984375 0.5536458333333333 0.01328125 0.01875
1 0.731640625 0.8328125 0.0171875 0.011979166666666667
0 0.77890625 0.6838541666666667 0.030078125 0.04739583333333333
1 0.991015625 0.049479166666666664 0.01796875 0.058333333333333334
1 0.184765625 0.596875 0.016015625 0.01875
1 0.069140625 0.75 0.008984375 0.0109375
1 0.0046875 0.7994791666666666 0.009375 0.0234375
1 0.166796875 0.7135416666666666 0.036328125 0.04739583333333333
1 0.114453125 0.5421875 0.009375 0.0171875
1 0.01328125 0.371875 0.0265625 0.05
1 0.207421875 0.7833333333333333 0.01171875 0.013020833333333334
1 0.185546875 0.8390625 0.00859375 0.0109375
0 0.0984375 0.9078125 0.035546875 0.03958333333333333
0 0.734375 0.3802083333333333 0.016796875 0.013541666666666667
1 0.578515625 0.9723958333333333 0.009375 0.013020833333333334
1 0.98125 0.5927083333333333 0.032421875 0.043229166666666666
1 0.7796875 0.7776041666666667 0.015625 0.0171875
1 0.49296875 0.878125 0.035546875 0.0453125
1 0.06953125 0.08125 0.015625 0.018229166666666668
1 0.00859375 0.03229166666666667 0.0171875 0.019791666666666666
0 0.955859375 0.44375 0.015625 0.020833333333333332
1 0.87890625 0.26666666666666666 0.0140625 0.025
1 0.205078125 0.9473958333333333 0.017578125 0.019270833333333334
1 0.86484375 0.8776041666666666 0.0140625 0.022916666666666665
1 0.621484375 0.32760416666666664 0.012109375 0.0171875
1 0.848046875 0.39375 0.015625 0.021354166666666667
0 0.713671875 0.315625 0.016015625 0.020833333333333332
1 0.926953125 0.5739583333333333 0.0125 0.014583333333333334
0 0.891015625 0.5729166666666666 0.034765625 0.043229166666666666
0 0.6859375 0.5260416666666666 0.01171875 0.022916666666666665
1 0.8078125 0.8145833333333333 0.016015625 0.018229166666666668
0 0.428125 0.0046875 0.01328125 0.009375
1 0.302734375 0.1359375 0.012109375 0.016666666666666666
1 0.62734375 0.07291666666666667 0.0140625 0.019270833333333334
1 0.9640625 0.21145833333333333 0.01484375 0.0203125
1 0.974609375 0.6380208333333334 0.013671875 0.021354166666666667
0 0.486328125 0.21666666666666667 0.01640625 0.020833333333333332