1 0.15078125 0.35052083333333334 0.050390625 0.071875
0 0.687890625 0.9151041666666667 0.055859375 0.065625
1 0.0046875 0.08385416666666666 0.008984375 0.015104166666666667
0 0.28828125 0.11770833333333333 0.019921875 0.0203125
0 0.8234375 0.7421875 0.014453125 0.021354166666666667
0 0.623828125 0.3380208333333333 0.017578125 0.025
1 0.61875 0.9182291666666667 0.0140625 0.017708333333333333
1 0.644140625 0.1125 0.0265625 0.0296875
1 0.97734375 0.8885416666666667 0.01484375 0.019791666666666666
0 0.50703125 0.6192708333333333 0.05078125 0.0671875
1 0.95234375 0.6989583333333333 0.01484375 0.016666666666666666
0 0.916015625 0.5088541666666667 0.015234375 0.0234375
0 0.05390625 0.359375 0.0140625 0.027604166666666666
1 0.052734375 0.051041666666666666 0.05234375 0.0625
1 0.2625 0.6760416666666667 0.020703125 0.022395833333333334
1 0.65546875 0.621875 0.012109375 0.011458333333333333
1 0.76796875 0.13958333333333334 0.023046875 0.0328125
0 0.74921875 0.022395833333333334 0.013671875 0.016145833333333335
0 0.453125 0.44166666666666665 0.016015625 0.0234375
0 0.167578125 0.9385416666666667 0.0234375 0.030208333333333334