0 0.316015625 0.7229166666666667 0.03671875 0.0328125
0 0.52421875 0.8895833333333333 0.01953125 0.029166666666666667
0 0.065625 0.2328125 0.011328125 0.018229166666666668
0 0.203515625 0.5604166666666667 0.01484375 0.018229166666666668
0 0.616796875 0.7723958333333333 0.012109375 0.014583333333333334
0 0.04609375 0.9135416666666667 0.01484375 0.0171875
0 0.149609375 0.715625 0.016015625 0.025520833333333333
1 0.404296875 0.17864583333333334 0.00859375 0.0125
1 0.14375 0.3125 0.02578125 0.033854166666666664
0 0.9296875 0.1515625 0.03828125 0.04010416666666667
1 0.019140625 0.35520833333333335 0.01015625 0.009375
0 0.584765625 0.03125 0.01171875 0.015625