1 0.24140625 0.7052083333333333 0.05234375 0.07291666666666667
0 0.898828125 0.7015625 0.018359375 0.025520833333333333
1 0.2421875 0.20989583333333334 0.023046875 0.03854166666666667
1 0.003515625 0.5317708333333333 0.00703125 0.009375
1 0.76015625 0.5255208333333333 0.05625 0.071875
0 0.676953125 0.5098958333333333 0.013671875 0.016666666666666666
1 0.672265625 0.778125 0.024609375 0.03958333333333333
1 0.34296875 0.6911458333333333 0.01953125 0.017708333333333333
1 0.695703125 0.23645833333333333 0.056640625 0.078125
0 0.82734375 0.86875 0.0125 0.009895833333333333
0 0.928125 0.2203125 0.01484375 0.025520833333333333
1 0.61953125 0.5822916666666667 0.0203125 0.03229166666666667
1 0.409765625 0.4432291666666667 0.019140625 0.027083333333333334
1 0.35625 0.8385416666666666 0.01875 0.024479166666666666
0 0.4234375 0.6088541666666667 0.02109375 0.029166666666666667
0 0.07265625 0.49635416666666665 0.063671875 0.06770833333333333
1 0.080859375 0.8875 0.055859375 0.0765625
0 0.95625 0.4744791666666667 0.02421875 0.025
1 0.048046875 0.13385416666666666 0.017578125 0.027083333333333334
0 0.662890625 0.9541666666666667 0.044921875 0.06197916666666667
0 0.880859375 0.8958333333333334 0.021484375 0.0328125