1 0.57890625 0.31145833333333334 0.019140625 0.019270833333333334
0 0.459765625 0.36614583333333334 0.01171875 0.018229166666666668
0 0.051953125 0.20885416666666667 0.035546875 0.04635416666666667
0 0.203515625 0.24010416666666667 0.033203125 0.04635416666666667
0 0.396875 0.15052083333333333 0.01484375 0.019270833333333334
1 0.275390625 0.16666666666666666 0.015625 0.021875
1 0.45 0.028125 0.01953125 0.022395833333333334
1 0.9046875 0.13385416666666666 0.03984375 0.05260416666666667
1 0.6375 0.16458333333333333 0.039453125 0.050520833333333334
0 0.0953125 0.06770833333333333 0.015234375 0.022916666666666665
0 0.155078125 0.5109375 0.017578125 0.0171875
0 0.42578125 0.4921875 0.01484375 0.015104166666666667
0 0.276953125 0.4515625 0.01484375 0.016666666666666666
0 0.452734375 0.9338541666666667 0.011328125 0.019791666666666666
1 0.781640625 0.6640625 0.01640625 0.0203125
1 0.963671875 0.8895833333333333 0.03984375 0.05416666666666667
0 0.30234375 0.9348958333333334 0.03125 0.036458333333333336
0 0.03203125 0.6875 0.032421875 0.040625
1 0.11328125 0.5739583333333333 0.021875 0.025520833333333333
1 0.205078125 0.5046875 0.01875 0.018229166666666668
1 0.621875 0.7697916666666667 0.021875 0.03177083333333333
0 0.78046875 0.43697916666666664 0.017578125 0.018229166666666668
1 0.63125 0.746875 0.011328125 0.01875
1 0.10625 0.9208333333333333 0.01484375 0.0234375
1 0.61640625 0.9791666666666666 0.01640625 0.023958333333333335
1 0.6828125 0.8953125 0.016015625 0.020833333333333332
0 0.366015625 0.8057291666666667 0.015234375 0.014583333333333334
1 0.916796875 0.578125 0.016796875 0.023958333333333335
0 0.701953125 0.8369791666666667 0.0125 0.016666666666666666
0 0.326171875 0.30885416666666665 0.014453125 0.022916666666666665
1 0.45078125 0.7010416666666667 0.015625 0.022916666666666665
1 0.39921875 0.40677083333333336 0.0375 0.04895833333333333
0 0.65546875 0.553125 0.013671875 0.0234375
1 0.82265625 0.7760416666666666 0.0125 0.023958333333333335
1 0.95 0.32135416666666666 0.01328125 0.01875