1 0.24609375 0.6734375 0.0265625 0.0328125
1 0.6671875 0.9104166666666667 0.0640625 0.07552083333333333
1 0.7765625 0.9723958333333333 0.028125 0.034895833333333334
0 0.88984375 0.9713541666666666 0.032421875 0.033854166666666664
0 0.830859375 0.48802083333333335 0.015625 0.019270833333333334
1 0.515234375 0.5546875 0.025 0.03229166666666667
1 0.523046875 0.9041666666666667 0.02734375 0.0265625
0 0.096875 0.8880208333333334 0.020703125 0.03229166666666667
1 0.761328125 0.6755208333333333 0.02265625 0.029166666666666667
1 0.9359375 0.5338541666666666 0.06640625 0.07864583333333333
1 0.875 0.10572916666666667 0.027734375 0.03958333333333333
1 0.7703125 0.0375 0.06171875 0.075
1 0.82421875 0.22916666666666666 0.0609375 0.08125
1 0.618359375 0.28854166666666664 0.0234375 0.03125
1 0.9875 0.0828125 0.024609375 0.084375
1 0.723828125 0.315625 0.02734375 0.040625
1 0.903125 0.6911458333333333 0.026953125 0.034895833333333334
1 0.41953125 0.53125 0.02734375 0.03802083333333333
1 0.409765625 0.8395833333333333 0.03203125 0.03958333333333333
1 0.59609375 0.18229166666666666 0.037890625 0.036458333333333336
1 0.53046875 0.04739583333333333 0.066796875 0.08385416666666666
1 0.753515625 0.18854166666666666 0.026171875 0.03802083333333333
1 0.7015625 0.009375 0.025 0.01875
1 0.66015625 0.16302083333333334 0.059765625 0.08229166666666667
0 0.37890625 0.1296875 0.024609375 0.0328125
1 0.858984375 0.08229166666666667 0.031640625 0.04010416666666667
1 0.360546875 0.008333333333333333 0.00859375 0.013541666666666667
1 0.23515625 0.8229166666666666 0.028515625 0.03125
1 0.18125 0.8791666666666667 0.020703125 0.0359375
1 0.309765625 0.03697916666666667 0.025390625 0.03697916666666667
0 0.135546875 0.10677083333333333 0.0234375 0.034375
0 0.2390625 0.0453125 0.02265625 0.034375
1 0.06015625 0.058854166666666666 0.030078125 0.04114583333333333
1 0.90390625 0.3807291666666667 0.02421875 0.028645833333333332
1 0.579296875 0.5598958333333334 0.053125 0.07291666666666667
1 0.5453125 0.196875 0.025 0.040625
1 0.428125 0.19166666666666668 0.062109375 0.07916666666666666
1 0.529296875 0.13697916666666668 0.026953125 0.03125
1 0.21640625 0.5786458333333333 0.030078125 0.035416666666666666
1 0.04453125 0.94375 0.057421875 0.08802083333333334
1 0.1109375 0.5114583333333333 0.026953125 0.03177083333333333
1 0.323828125 0.9760416666666667 0.023828125 0.030729166666666665
0 0.4671875 0.7760416666666666 0.030859375 0.034895833333333334
1 0.891015625 0.7744791666666667 0.0328125 0.03802083333333333
1 0.50546875 0.6270833333333333 0.0234375 0.0328125
0 0.49453125 0.3359375 0.021484375 0.03333333333333333
1 0.296484375 0.18020833333333333 0.06171875 0.0796875
0 0.09140625 0.25104166666666666 0.022265625 0.03802083333333333
1 0.19140625 0.19270833333333334 0.02578125 0.03697916666666667
1 0.351171875 0.275 0.028515625 0.0328125
1 0.690234375 0.6682291666666667 0.0296875 0.035416666666666666
1 0.85 0.5145833333333333 0.02578125 0.0328125
0 0.45234375 0.26875 0.01953125 0.027604166666666666
1 0.15234375 0.37864583333333335 0.06171875 0.08489583333333334
1 0.417578125 0.36770833333333336 0.061328125 0.08020833333333334
1 0.6953125 0.5036458333333333 0.06484375 0.08541666666666667
0 0.28203125 0.39947916666666666 0.05390625 0.07604166666666666
1 0.33828125 0.39010416666666664 0.02421875 0.034895833333333334
1 0.200390625 0.4421875 0.023046875 0.03958333333333333
1 0.241015625 0.3020833333333333 0.026171875 0.0328125
1 0.55390625 0.4015625 0.066015625 0.08645833333333333
1 0.807421875 0.4401041666666667 0.025390625 0.024479166666666666
1 0.50625 0.4265625 0.018359375 0.033854166666666664
1 0.78828125 0.5645833333333333 0.02734375 0.03697916666666667
1 0.6296875 0.4234375 0.025 0.0296875
1 0.595703125 0.9572916666666667 0.02421875 0.03125
1 0.528125 0.678125 0.030859375 0.04114583333333333
1 0.3953125 0.6473958333333333 0.03203125 0.03125
1 0.46796875 0.04583333333333333 0.026171875 0.03229166666666667
1 0.06796875 0.5984375 0.027734375 0.0375
1 0.271875 0.8822916666666667 0.028515625 0.034375
1 0.378125 0.5234375 0.0140625 0.016666666666666666
1 0.190625 0.6380208333333334 0.023046875 0.035416666666666666
0 0.31328125 0.5901041666666667 0.022265625 0.035416666666666666
1 0.60625 0.015625 0.025 0.03125
1 0.84609375 0.31302083333333336 0.025 0.0359375
0 0.412109375 0.04375 0.043359375 0.06354166666666666
1 0.808203125 0.7145833333333333 0.03046875 0.0390625
1 0.990625 0.3145833333333333 0.01875 0.03333333333333333
1 0.569140625 0.6453125 0.01796875 0.028125
1 0.37421875 0.9104166666666667 0.024609375 0.0328125
1 0.127734375 0.6203125 0.05625 0.06614583333333333
1 0.0875 0.7833333333333333 0.06796875 0.0796875
1 0.4625 0.9895833333333334 0.026953125 0.0203125
1 0.96015625 0.25364583333333335 0.0234375 0.025520833333333333
1 0.933984375 0.240625 0.027734375 0.03854166666666667
1 0.05703125 0.6817708333333333 0.01015625 0.013020833333333334