1 0.23125 0.2838541666666667 0.026171875 0.03697916666666667
1 0.26015625 0.9885416666666667 0.02890625 0.022916666666666665
1 0.31640625 0.6520833333333333 0.066015625 0.08645833333333333
1 0.601953125 0.8515625 0.025390625 0.028125
0 0.02421875 0.9161458333333333 0.020703125 0.027083333333333334
0 0.070703125 0.4786458333333333 0.021875 0.025
0 0.412890625 0.27447916666666666 0.06796875 0.090625
0 0.32734375 0.06770833333333333 0.0234375 0.03697916666666667
0 0.43671875 0.13229166666666667 0.020703125 0.024479166666666666
1 0.154296875 0.18489583333333334 0.067578125 0.09479166666666666
1 0.3625 0.5046875 0.02734375 0.03958333333333333
1 0.4859375 0.7848958333333333 0.025 0.03333333333333333
1 0.51015625 0.6552083333333333 0.028515625 0.0359375
1 0.0515625 0.049479166666666664 0.0265625 0.03333333333333333
1 0.0859375 0.896875 0.02578125 0.03229166666666667
1 0.44375 0.5916666666666667 0.02578125 0.0359375
1 0.076953125 0.596875 0.031640625 0.036458333333333336
1 0.190234375 0.7057291666666666 0.03125 0.034895833333333334
1 0.369921875 0.7338541666666667 0.028125 0.030729166666666665
1 0.244140625 0.4630208333333333 0.025 0.035416666666666666
1 0.1328125 0.4354166666666667 0.070703125 0.08385416666666666
1 0.079296875 0.31875 0.02578125 0.0375
1 0.278125 0.8583333333333333 0.071875 0.0921875
1 0.041015625 0.7776041666666667 0.069140625 0.08333333333333333
0 0.122265625 0.9505208333333334 0.061328125 0.09010416666666667