1 0.6296875 0.7364583333333333 0.0203125 0.028125
1 0.2 0.3578125 0.024609375 0.03333333333333333
1 0.179296875 0.6838541666666667 0.025 0.024479166666666666
1 0.506640625 0.46510416666666665 0.02421875 0.035416666666666666
1 0.4765625 0.28489583333333335 0.060546875 0.08020833333333334
1 0.15 0.4005208333333333 0.023046875 0.024479166666666666
1 0.75234375 0.3619791666666667 0.030078125 0.03958333333333333
1 0.45625 0.0890625 0.061328125 0.0828125
1 0.22890625 0.5182291666666666 0.020703125 0.033854166666666664
1 0.5984375 0.4088541666666667 0.021875 0.0234375
1 0.217578125 0.209375 0.02734375 0.0296875
1 0.585546875 0.5958333333333333 0.02109375 0.029166666666666667
1 0.182421875 0.03333333333333333 0.023046875 0.027083333333333334
1 0.83828125 0.33645833333333336 0.06015625 0.07604166666666666
1 0.643359375 0.5135416666666667 0.0296875 0.0359375
1 0.989453125 0.8614583333333333 0.02109375 0.03177083333333333
1 0.75234375 0.6447916666666667 0.02578125 0.030208333333333334
1 0.215234375 0.721875 0.01953125 0.0375
1 0.667578125 0.675 0.055078125 0.07395833333333333
0 0.816796875 0.8015625 0.02109375 0.0296875
0 0.05546875 0.14114583333333333 0.028125 0.034895833333333334
1 0.52734375 0.010416666666666666 0.02734375 0.0203125
1 0.178515625 0.49270833333333336 0.058203125 0.08229166666666667
1 0.722265625 0.8036458333333333 0.028515625 0.03125
1 0.33203125 0.016666666666666666 0.056640625 0.03333333333333333
1 0.84609375 0.19479166666666667 0.02578125 0.036458333333333336
0 0.010546875 0.7901041666666667 0.02109375 0.025520833333333333
1 0.930859375 0.6166666666666667 0.02890625 0.036458333333333336
1 0.406640625 0.334375 0.025 0.030208333333333334
1 0.286328125 0.8151041666666666 0.023828125 0.030729166666666665
0 0.67109375 0.9213541666666667 0.021875 0.0296875
1 0.853515625 0.052083333333333336 0.064453125 0.0859375
0 0.584765625 0.8427083333333333 0.01953125 0.030729166666666665
0 0.9046875 0.49114583333333334 0.026953125 0.034895833333333334
1 0.809765625 0.9166666666666666 0.028515625 0.04010416666666667
1 0.6515625 0.13020833333333334 0.02421875 0.035416666666666666
0 0.2 0.9515625 0.04921875 0.05572916666666667
1 0.05546875 0.019270833333333334 0.02890625 0.0359375
1 0.111328125 0.3796875 0.025390625 0.030729166666666665
1 0.59765625 0.35520833333333335 0.062109375 0.0828125
1 0.933203125 0.7192708333333333 0.028125 0.03177083333333333
1 0.91875 0.8984375 0.026171875 0.0375
0 0.266796875 0.990625 0.018359375 0.01875
0 0.3703125 0.1640625 0.025 0.0375
1 0.56328125 0.1359375 0.02734375 0.03958333333333333
1 0.9671875 0.10208333333333333 0.059765625 0.07916666666666666
1 0.2875 0.5713541666666667 0.025390625 0.035416666666666666
1 0.841015625 0.6979166666666666 0.06171875 0.07604166666666666
0 0.537890625 0.3390625 0.02109375 0.027604166666666666
1 0.28984375 0.28229166666666666 0.0609375 0.08072916666666667
1 0.26328125 0.0609375 0.023046875 0.035416666666666666
1 0.291796875 0.6932291666666667 0.0625 0.04583333333333333
1 0.087109375 0.2682291666666667 0.05625 0.07916666666666666
1 0.73984375 0.4786458333333333 0.028125 0.034895833333333334
1 0.65703125 0.0671875 0.058984375 0.08333333333333333
1 0.74453125 0.15833333333333333 0.02578125 0.034895833333333334
0 0.402734375 0.4510416666666667 0.051953125 0.06770833333333333
1 0.79921875 0.5578125 0.02578125 0.034895833333333334
0 0.041015625 0.45989583333333334 0.023828125 0.035416666666666666
0 0.00859375 0.7140625 0.016796875 0.030208333333333334
1 0.375390625 0.7286458333333333 0.02109375 0.0234375
1 0.46953125 0.8677083333333333 0.029296875 0.036458333333333336
1 0.20078125 0.8390625 0.032421875 0.0328125
1 0.91484375 0.027083333333333334 0.019921875 0.028645833333333332
0 0.657421875 0.29635416666666664 0.023046875 0.025
1 0.487109375 0.16197916666666667 0.025 0.029166666666666667
1 0.71875 0.25833333333333336 0.05703125 0.078125
0 0.5109375 0.6140625 0.04765625 0.07552083333333333
1 0.190234375 0.1125 0.063671875 0.08541666666666667
1 0.11328125 0.5989583333333334 0.0234375 0.027604166666666666
0 0.414453125 0.6348958333333333 0.02734375 0.0328125
1 0.10546875 0.709375 0.03046875 0.03854166666666667
1 0.316796875 0.42552083333333335 0.028125 0.034895833333333334
1 0.9078125 0.1796875 0.030859375 0.040625