1 0.765625 0.2828125 0.04453125 0.06302083333333333
1 0.430859375 0.4197916666666667 0.06640625 0.0796875
1 0.59296875 0.36822916666666666 0.062109375 0.08541666666666667
1 0.45390625 0.5958333333333333 0.065625 0.08072916666666667
1 0.6734375 0.32395833333333335 0.02734375 0.03229166666666667
1 0.83359375 0.9317708333333333 0.026953125 0.03958333333333333
1 0.905859375 0.8666666666666667 0.028515625 0.03229166666666667
1 0.93203125 0.7677083333333333 0.026171875 0.026041666666666668
1 0.88203125 0.5395833333333333 0.05703125 0.084375
0 0.81015625 0.3859375 0.074609375 0.08958333333333333
1 0.724609375 0.26614583333333336 0.017578125 0.03177083333333333
1 0.872265625 0.4348958333333333 0.021875 0.034895833333333334
1 0.671484375 0.075 0.02109375 0.0328125
1 0.836328125 0.24375 0.02890625 0.04010416666666667
1 0.709765625 0.18645833333333334 0.025390625 0.04114583333333333
1 0.5953125 0.1546875 0.030078125 0.0375
1 0.827734375 0.034375 0.02734375 0.033854166666666664
1 0.76796875 0.1390625 0.024609375 0.035416666666666666
1 0.781640625 0.209375 0.02265625 0.030208333333333334
0 0.83671875 0.12239583333333333 0.06484375 0.08385416666666666
1 0.576171875 0.06614583333333333 0.027734375 0.0390625
1 0.4796875 0.011458333333333333 0.029296875 0.022395833333333334
0 0.745703125 0.0625 0.04921875 0.090625
1 0.067578125 0.24010416666666667 0.0640625 0.07395833333333333
0 0.054296875 0.13229166666666667 0.025 0.03854166666666667
0 0.13515625 0.09427083333333333 0.02421875 0.028125
1 0.51875 0.11875 0.067578125 0.08854166666666667
1 0.26640625 0.240625 0.029296875 0.03854166666666667
1 0.222265625 0.2796875 0.0234375 0.035416666666666666
1 0.3765625 0.09791666666666667 0.02734375 0.03697916666666667
1 0.323046875 0.28541666666666665 0.066015625 0.084375
1 0.406640625 0.22708333333333333 0.025390625 0.041666666666666664
1 0.155078125 0.18333333333333332 0.028515625 0.028125
1 0.514453125 0.2421875 0.029296875 0.034895833333333334
1 0.503125 0.32708333333333334 0.02578125 0.03333333333333333
1 0.35078125 0.42135416666666664 0.028515625 0.035416666666666666
1 0.276171875 0.396875 0.0265625 0.036458333333333336
1 0.23515625 0.35 0.024609375 0.0359375
0 0.445703125 0.7057291666666666 0.023828125 0.023958333333333335
1 0.023046875 0.6666666666666666 0.04609375 0.07708333333333334
0 0.021484375 0.05520833333333333 0.027734375 0.029166666666666667
1 0.608203125 0.7244791666666667 0.031640625 0.033854166666666664
1 0.009375 0.8421875 0.018359375 0.03958333333333333
1 0.34765625 0.6791666666666667 0.0328125 0.035416666666666666
1 0.21640625 0.9786458333333333 0.0296875 0.0359375
1 0.580859375 0.95625 0.023828125 0.034375
1 0.25 0.7578125 0.03046875 0.040625
1 0.3328125 0.9239583333333333 0.025390625 0.03802083333333333
0 0.846484375 0.7807291666666667 0.0609375 0.07395833333333333
1 0.718359375 0.7390625 0.0265625 0.03854166666666667
1 0.7453125 0.8786458333333333 0.03046875 0.03229166666666667
1 0.951953125 0.6760416666666667 0.058984375 0.0828125
1 0.229296875 0.1296875 0.0625 0.08125
1 0.19453125 0.7239583333333334 0.02578125 0.03697916666666667
1 0.122265625 0.8177083333333334 0.0234375 0.034375
1 0.045703125 0.7401041666666667 0.025390625 0.03854166666666667
1 0.14453125 0.6520833333333333 0.055859375 0.084375
1 0.863671875 0.659375 0.025390625 0.03125
1 0.126171875 0.5416666666666666 0.019921875 0.035416666666666666
1 0.3765625 0.7572916666666667 0.066015625 0.07916666666666666
1 0.21015625 0.5333333333333333 0.027734375 0.034375
1 0.27421875 0.5723958333333333 0.06171875 0.08020833333333334
1 0.512890625 0.7541666666666667 0.030078125 0.030208333333333334
0 0.793359375 0.621875 0.058203125 0.06822916666666666
1 0.32890625 0.5697916666666667 0.019140625 0.025520833333333333
1 0.426171875 0.5119791666666667 0.026171875 0.034375
1 0.38671875 0.4859375 0.025 0.03125
1 0.525390625 0.48489583333333336 0.030859375 0.033854166666666664
0 0.808203125 0.503125 0.02578125 0.0296875
1 0.644140625 0.5494791666666666 0.07109375 0.0921875
1 0.56484375 0.4625 0.033203125 0.050520833333333334
1 0.640625 0.4588541666666667 0.028125 0.0375
1 0.7234375 0.5453125 0.027734375 0.034375
1 0.554296875 0.615625 0.0546875 0.07447916666666667
1 0.691796875 0.6458333333333334 0.02734375 0.030729166666666665
0 0.6 0.265625 0.01640625 0.0203125
1 0.696875 0.42291666666666666 0.02265625 0.034375
1 0.787890625 0.8166666666666667 0.0265625 0.026041666666666668
1 0.275 0.821875 0.026171875 0.028645833333333332
1 0.0546875 0.3625 0.0265625 0.03125
1 0.141015625 0.421875 0.06484375 0.07447916666666667