1 0.324609375 0.5979166666666667 0.02734375 0.03697916666666667
1 0.4046875 0.4744791666666667 0.02421875 0.034895833333333334
1 0.3953125 0.5734375 0.063671875 0.08125
1 0.841015625 0.6640625 0.059765625 0.08020833333333334
1 0.94375 0.6036458333333333 0.028125 0.03125
0 0.23984375 0.6328125 0.045703125 0.078125
1 0.454296875 0.6479166666666667 0.0234375 0.03697916666666667
0 0.1109375 0.49114583333333334 0.0609375 0.07760416666666667
1 0.385546875 0.6697916666666667 0.02734375 0.036458333333333336
1 0.154296875 0.5583333333333333 0.025390625 0.03697916666666667
1 0.160546875 0.7729166666666667 0.028515625 0.041666666666666664
1 0.61015625 0.5083333333333333 0.055078125 0.08697916666666666
1 0.8359375 0.5552083333333333 0.0265625 0.033854166666666664
1 0.048046875 0.5953125 0.028125 0.0359375
1 0.00625 0.8645833333333334 0.0125 0.028125
1 0.116796875 0.9046875 0.0234375 0.033854166666666664
1 0.29765625 0.8453125 0.02265625 0.035416666666666666
1 0.04453125 0.9734375 0.0640625 0.053125
0 0.240234375 0.990625 0.02109375 0.01875
1 0.215625 0.8989583333333333 0.02109375 0.04114583333333333
1 0.049609375 0.12552083333333333 0.01796875 0.0265625
1 0.366015625 0.7958333333333333 0.025390625 0.040625
1 0.03671875 0.48385416666666664 0.026953125 0.03333333333333333
1 0.076171875 0.4708333333333333 0.023828125 0.03125
1 0.216796875 0.4635416666666667 0.025 0.033854166666666664
1 0.634765625 0.8234375 0.021875 0.030208333333333334
1 0.585546875 0.45625 0.01796875 0.030729166666666665
1 0.36328125 0.39791666666666664 0.03046875 0.03802083333333333
0 0.308984375 0.4484375 0.025390625 0.03802083333333333
1 0.58046875 0.9052083333333333 0.052734375 0.08645833333333333
1 0.741015625 0.5453125 0.061328125 0.0828125
1 0.65625 0.5223958333333333 0.023828125 0.03333333333333333
1 0.49765625 0.5354166666666667 0.026171875 0.03854166666666667
1 0.20390625 0.35104166666666664 0.021484375 0.036458333333333336
1 0.17890625 0.3234375 0.025 0.035416666666666666
0 0.072265625 0.365625 0.06328125 0.08645833333333333
1 0.2421875 0.4005208333333333 0.023828125 0.0359375
1 0.112109375 0.40520833333333334 0.02109375 0.034375
1 0.32421875 0.7046875 0.02890625 0.0359375
1 0.6546875 0.01875 0.023828125 0.030729166666666665
1 0.10546875 0.028125 0.05390625 0.05572916666666667
0 0.0296875 0.18489583333333334 0.059375 0.090625
0 0.078125 0.26458333333333334 0.028125 0.034895833333333334
1 0.394140625 0.1515625 0.02109375 0.0328125
1 0.54765625 0.2916666666666667 0.02421875 0.033854166666666664
1 0.492578125 0.24791666666666667 0.065625 0.0859375
1 0.63125 0.24375 0.05859375 0.0765625
1 0.76953125 0.25833333333333336 0.061328125 0.08697916666666666
1 0.455078125 0.09583333333333334 0.06015625 0.078125
1 0.31171875 0.19427083333333334 0.066796875 0.09427083333333333
1 0.7078125 0.11197916666666667 0.060546875 0.075
1 0.984375 0.20989583333333334 0.03125 0.07864583333333333
0 0.929296875 0.13385416666666666 0.02421875 0.029166666666666667
0 0.8640625 0.23697916666666666 0.021875 0.026041666666666668
0 0.855859375 0.33541666666666664 0.028515625 0.023958333333333335
1 0.78046875 0.3453125 0.018359375 0.03229166666666667
1 0.185546875 0.1171875 0.05859375 0.08541666666666667
1 0.59296875 0.08541666666666667 0.067578125 0.08177083333333333
1 0.937109375 0.3848958333333333 0.07109375 0.0859375
1 0.383203125 0.0390625 0.0234375 0.03125
1 0.553125 0.19791666666666666 0.024609375 0.036458333333333336
1 0.480859375 0.16510416666666666 0.026953125 0.03125
1 0.679296875 0.21666666666666667 0.0265625 0.034375
1 0.259375 0.103125 0.026953125 0.03697916666666667
1 0.83515625 0.033854166666666664 0.027734375 0.035416666666666666
1 0.14609375 0.20989583333333334 0.025 0.04375
1 0.521484375 0.058854166666666666 0.026171875 0.03125
1 0.70390625 0.3692708333333333 0.026953125 0.028125
1 0.214453125 0.1578125 0.019921875 0.03125
1 0.7578125 0.6776041666666667 0.0234375 0.03177083333333333
1 0.646484375 0.14791666666666667 0.023046875 0.035416666666666666
0 0.944921875 0.029166666666666667 0.0234375 0.028125
1 0.674609375 0.6234375 0.020703125 0.034895833333333334
1 0.46796875 0.7447916666666666 0.06328125 0.07604166666666666
1 0.695703125 0.7223958333333333 0.059765625 0.09427083333333333
1 0.6046875 0.6546875 0.025390625 0.03177083333333333
1 0.51171875 0.6697916666666667 0.02578125 0.0359375
0 0.48203125 0.9572916666666667 0.019921875 0.034375
1 0.883203125 0.8979166666666667 0.023046875 0.03177083333333333
0 0.44296875 0.8635416666666667 0.025 0.035416666666666666
0 0.63984375 0.9739583333333334 0.03203125 0.0234375
0 0.235546875 0.575 0.015234375 0.026041666666666668
1 0.546484375 0.76875 0.024609375 0.035416666666666666
1 0.4875 0.8322916666666667 0.020703125 0.0328125
1 0.333984375 0.928125 0.058984375 0.08333333333333333
1 0.705078125 0.9041666666666667 0.030078125 0.033854166666666664
1 0.764453125 0.8276041666666667 0.023046875 0.03125
1 0.799609375 0.8807291666666667 0.033984375 0.03958333333333333
1 0.971484375 0.896875 0.05703125 0.08333333333333333
1 0.06015625 0.7296875 0.03125 0.035416666666666666
1 0.941796875 0.8067708333333333 0.021875 0.030729166666666665