0 0.53359375 0.034375 0.0484375 0.05520833333333333
0 0.600390625 0.4010416666666667 0.025 0.03333333333333333
1 0.285546875 0.5348958333333333 0.023046875 0.0375
1 0.169140625 0.36354166666666665 0.02109375 0.027083333333333334
1 0.028125 0.640625 0.024609375 0.033854166666666664
1 0.515625 0.634375 0.026171875 0.033854166666666664
1 0.1 0.009895833333333333 0.030859375 0.019791666666666666
1 0.22265625 0.4739583333333333 0.02890625 0.03229166666666667
1 0.203125 0.07395833333333333 0.025 0.0328125
0 0.66953125 0.14375 0.062109375 0.07604166666666666
1 0.05859375 0.815625 0.0265625 0.0359375
0 0.769921875 0.259375 0.024609375 0.028125
1 0.0625 0.45 0.026953125 0.027604166666666666
1 0.88828125 0.2942708333333333 0.026171875 0.0375
1 0.371875 0.509375 0.06171875 0.07916666666666666
1 0.953515625 0.30572916666666666 0.03125 0.0375
0 0.67109375 0.29583333333333334 0.03203125 0.04895833333333333
0 0.76328125 0.1484375 0.026953125 0.035416666666666666
0 0.057421875 0.1546875 0.04140625 0.05572916666666667
0 0.51796875 0.10052083333333334 0.0375 0.0484375
0 0.600390625 0.0765625 0.0171875 0.023958333333333335
1 0.0359375 0.534375 0.062109375 0.075
1 0.60703125 0.19583333333333333 0.019921875 0.0265625
1 0.504296875 0.5322916666666667 0.055078125 0.078125
0 0.683203125 0.8630208333333333 0.021875 0.03177083333333333
1 0.483984375 0.7359375 0.05625 0.08072916666666667
1 0.287890625 0.08802083333333334 0.025 0.03333333333333333
0 0.987109375 0.2375 0.021875 0.03125
1 0.633984375 0.8479166666666667 0.021484375 0.0328125
0 0.53828125 0.8427083333333333 0.028515625 0.03125
1 0.212890625 0.16354166666666667 0.0609375 0.07291666666666667
1 0.8015625 0.6223958333333334 0.06171875 0.08333333333333333
1 0.9828125 0.703125 0.018359375 0.028125
1 0.378125 0.15 0.0296875 0.03802083333333333
1 0.323828125 0.8036458333333333 0.05859375 0.07552083333333333
1 0.8140625 0.8833333333333333 0.056640625 0.07291666666666667
1 0.98828125 0.84375 0.023046875 0.033854166666666664
1 0.611328125 0.9635416666666666 0.061328125 0.07291666666666667
1 0.890234375 0.8151041666666666 0.0265625 0.0359375
1 0.68828125 0.7713541666666667 0.065625 0.0796875
1 0.610546875 0.7640625 0.028515625 0.029166666666666667
1 0.43125 0.878125 0.02734375 0.042708333333333334
1 0.73515625 0.9229166666666667 0.025 0.03177083333333333
1 0.48984375 0.9796875 0.051171875 0.04010416666666667
1 0.965625 0.6984375 0.022265625 0.0328125
1 0.831640625 0.22864583333333333 0.02578125 0.03333333333333333
1 0.772265625 0.7770833333333333 0.025 0.0328125
0 0.546484375 0.9541666666666667 0.020703125 0.0296875
1 0.8765625 0.775 0.01328125 0.015625
1 0.938671875 0.671875 0.025 0.035416666666666666
1 0.437109375 0.24479166666666666 0.025 0.025520833333333333
0 0.12578125 0.24947916666666667 0.023046875 0.03177083333333333
1 0.078125 0.309375 0.023828125 0.03854166666666667
0 0.3265625 0.6854166666666667 0.04765625 0.06041666666666667
1 0.24921875 0.23020833333333332 0.0234375 0.03229166666666667
0 0.496875 0.29635416666666664 0.055859375 0.07916666666666666
1 0.42109375 0.6869791666666667 0.0265625 0.0296875
1 0.329296875 0.9161458333333333 0.015625 0.034375
0 0.230859375 0.6942708333333333 0.028515625 0.03697916666666667
1 0.21953125 0.915625 0.028515625 0.034375
1 0.86640625 0.6973958333333333 0.02734375 0.035416666666666666
1 0.134765625 0.9015625 0.028125 0.0375
1 0.28203125 0.921875 0.025390625 0.034375
1 0.04375 0.9098958333333333 0.059375 0.08072916666666667
1 0.15390625 0.790625 0.061328125 0.08697916666666666
1 0.355078125 0.31979166666666664 0.05859375 0.07604166666666666
1 0.20546875 0.8729166666666667 0.016015625 0.021875
1 0.536328125 0.22135416666666666 0.020703125 0.023958333333333335
0 0.246875 0.33645833333333336 0.024609375 0.034895833333333334
1 0.015234375 0.26197916666666665 0.030078125 0.08645833333333333
1 0.942578125 0.5692708333333333 0.040234375 0.041666666666666664
1 0.136328125 0.4354166666666667 0.05703125 0.075
1 0.60546875 0.6203125 0.026953125 0.034895833333333334
0 0.16328125 0.5723958333333333 0.025 0.028125
1 0.598828125 0.5401041666666667 0.022265625 0.03125
1 0.67890625 0.4671875 0.061328125 0.07291666666666667
0 0.11171875 0.6958333333333333 0.026953125 0.03802083333333333
1 0.703515625 0.6557291666666667 0.024609375 0.034375
1 0.0125 0.7255208333333333 0.025 0.03697916666666667
1 0.78203125 0.4625 0.02578125 0.0359375
1 0.588671875 0.19635416666666666 0.01640625 0.020833333333333332
1 0.4703125 0.4005208333333333 0.025390625 0.030208333333333334
1 0.96171875 0.43020833333333336 0.02421875 0.0296875
0 0.396875 0.4296875 0.023046875 0.03177083333333333
1 0.8328125 0.42239583333333336 0.027734375 0.0328125