1 0.746484375 0.46041666666666664 0.0265625 0.034375
1 0.244921875 0.9729166666666667 0.031640625 0.041666666666666664
1 0.265625 0.019791666666666666 0.03125 0.03958333333333333
1 0.15234375 0.3828125 0.032421875 0.04010416666666667
1 0.93046875 0.9401041666666666 0.026953125 0.03333333333333333
1 0.6328125 0.33958333333333335 0.024609375 0.0359375
1 0.78046875 0.8760416666666667 0.023046875 0.030208333333333334
1 0.469921875 0.45364583333333336 0.03046875 0.03958333333333333
0 0.4390625 0.5828125 0.021484375 0.024479166666666666
1 0.916015625 0.6911458333333333 0.021875 0.03333333333333333
1 0.616015625 0.5114583333333333 0.02734375 0.036458333333333336
1 0.840234375 0.7239583333333334 0.023828125 0.034375
1 0.809765625 0.9791666666666666 0.06484375 0.04114583333333333
1 0.683984375 0.9536458333333333 0.025 0.03229166666666667
1 0.837109375 0.475 0.028125 0.036458333333333336
1 0.661328125 0.6177083333333333 0.024609375 0.030729166666666665
1 0.579296875 0.8895833333333333 0.02421875 0.036458333333333336
1 0.1984375 0.7875 0.030859375 0.03958333333333333
1 0.36640625 0.5473958333333333 0.02890625 0.03697916666666667
1 0.707421875 0.7880208333333333 0.028515625 0.03854166666666667
1 0.92578125 0.8203125 0.059375 0.075
1 0.598828125 0.7078125 0.059765625 0.0796875
1 0.840234375 0.6265625 0.059765625 0.08177083333333333
1 0.430078125 0.8927083333333333 0.025390625 0.03697916666666667
0 0.327734375 0.6770833333333334 0.028515625 0.042708333333333334
1 0.45625 0.6536458333333334 0.029296875 0.03697916666666667
1 0.176953125 0.6072916666666667 0.025390625 0.04114583333333333
1 0.371875 0.7703125 0.0265625 0.03958333333333333
1 0.3015625 0.9598958333333333 0.029296875 0.03697916666666667
1 0.0703125 0.7375 0.026953125 0.028645833333333332
1 0.239453125 0.51875 0.025390625 0.0359375
0 0.725 0.14895833333333333 0.029296875 0.03229166666666667
1 0.517578125 0.29583333333333334 0.03125 0.0390625
1 0.35390625 0.325 0.032421875 0.03854166666666667
1 0.993359375 0.10364583333333334 0.01328125 0.03229166666666667
1 0.1375 0.2375 0.02578125 0.03854166666666667
1 0.93671875 0.1921875 0.028515625 0.03177083333333333
1 0.637890625 0.028125 0.025390625 0.040625
1 0.5875 0.12135416666666667 0.03359375 0.04583333333333333
1 0.29375 0.16197916666666667 0.06328125 0.08333333333333333
1 0.925 0.08125 0.02890625 0.0453125
1 0.71640625 0.2947916666666667 0.059375 0.08229166666666667
1 0.34765625 0.06666666666666667 0.02734375 0.03229166666666667
1 0.608984375 0.21041666666666667 0.026953125 0.0328125
1 0.1359375 0.07604166666666666 0.0296875 0.03958333333333333
1 0.240625 0.21822916666666667 0.014453125 0.0203125
1 0.307421875 0.8125 0.0265625 0.036458333333333336
1 0.08359375 0.8921875 0.022265625 0.0296875
1 0.01328125 0.5598958333333334 0.0265625 0.034375
1 0.471484375 0.10364583333333334 0.0265625 0.03125