0 0.60625 0.46041666666666664 0.0296875 0.04010416666666667
1 0.175390625 0.8088541666666667 0.025390625 0.04010416666666667
1 0.523046875 0.721875 0.02734375 0.0390625
1 0.97265625 0.8265625 0.0296875 0.030729166666666665
0 0.434375 0.05260416666666667 0.01875 0.025520833333333333
1 0.68515625 0.609375 0.06328125 0.090625
1 0.411328125 0.8328125 0.02578125 0.033854166666666664
1 0.500390625 0.8911458333333333 0.02265625 0.03177083333333333
1 0.931640625 0.17864583333333334 0.06328125 0.0859375
1 0.055078125 0.49635416666666665 0.06953125 0.08802083333333334
1 0.416796875 0.5088541666666667 0.06875 0.09270833333333334
1 0.2171875 0.41875 0.03125 0.03697916666666667
1 0.934765625 0.3619791666666667 0.028515625 0.03177083333333333
1 0.711328125 0.5005208333333333 0.026953125 0.030208333333333334
1 0.981640625 0.42083333333333334 0.036328125 0.09166666666666666
0 0.7859375 0.30572916666666666 0.025390625 0.03854166666666667
1 0.667578125 0.28958333333333336 0.065625 0.07604166666666666
1 0.808203125 0.17291666666666666 0.023828125 0.040625
1 0.4515625 0.22552083333333334 0.0234375 0.03177083333333333
1 0.09453125 0.6984375 0.02421875 0.034375
1 0.776171875 0.8098958333333334 0.030078125 0.040625
1 0.53515625 0.3229166666666667 0.025390625 0.03854166666666667
1 0.209375 0.6567708333333333 0.030859375 0.035416666666666666
0 0.83359375 0.49322916666666666 0.026171875 0.0390625
1 0.394921875 0.9807291666666667 0.02578125 0.035416666666666666
1 0.763671875 0.9880208333333333 0.029296875 0.023958333333333335
1 0.81640625 0.6427083333333333 0.02734375 0.034375
0 0.033984375 0.9911458333333333 0.029296875 0.0171875
1 0.40546875 0.6604166666666667 0.02421875 0.034895833333333334
1 0.331640625 0.5328125 0.025 0.03229166666666667
1 0.03828125 0.815625 0.06953125 0.09010416666666667
1 0.162109375 0.984375 0.01953125 0.0265625
1 0.326953125 0.8213541666666667 0.058984375 0.07916666666666666
1 0.555859375 0.18125 0.026171875 0.034375
1 0.575390625 0.9484375 0.067578125 0.08854166666666667
0 0.2375 0.29010416666666666 0.0265625 0.028645833333333332
1 0.38359375 0.24166666666666667 0.06171875 0.08645833333333333
1 0.9625 0.01875 0.02578125 0.033854166666666664
1 0.49296875 0.42135416666666664 0.02265625 0.03229166666666667
1 0.71171875 0.3375 0.02421875 0.0359375
0 0.14140625 0.4859375 0.023828125 0.03333333333333333
1 0.68671875 0.13802083333333334 0.023828125 0.03697916666666667
1 0.613671875 0.04895833333333333 0.0625 0.08177083333333333
0 0.102734375 0.3385416666666667 0.028125 0.034895833333333334
1 0.975 0.6098958333333333 0.027734375 0.041666666666666664
1 0.64921875 0.7505208333333333 0.026171875 0.035416666666666666
1 0.6421875 0.9239583333333333 0.02421875 0.0296875
1 0.326171875 0.409375 0.026953125 0.03333333333333333