1 0.9546875 0.20364583333333333 0.028125 0.034895833333333334
1 0.37890625 0.2520833333333333 0.023828125 0.03229166666666667
1 0.230078125 0.6229166666666667 0.027734375 0.0359375
1 0.634765625 0.2390625 0.052734375 0.06614583333333333
1 0.76953125 0.15 0.026953125 0.03333333333333333
0 0.35 0.14166666666666666 0.01953125 0.0234375
1 0.431640625 0.7005208333333334 0.0578125 0.07708333333333334
1 0.246875 0.6921875 0.019140625 0.024479166666666666
1 0.443359375 0.08958333333333333 0.024609375 0.024479166666666666
1 0.108984375 0.13697916666666668 0.022265625 0.030729166666666665
0 0.333203125 0.8963541666666667 0.023046875 0.033854166666666664
0 0.043359375 0.17864583333333334 0.04375 0.06354166666666666
1 0.34375 0.7125 0.025390625 0.03125
0 0.741796875 0.234375 0.064453125 0.05625
1 0.321484375 0.7213541666666666 0.025 0.030208333333333334
1 0.813671875 0.2786458333333333 0.034375 0.06770833333333333
0 0.440234375 0.12552083333333333 0.024609375 0.035416666666666666
1 0.5859375 0.13229166666666667 0.02578125 0.035416666666666666
1 0.984765625 0.3328125 0.023046875 0.025520833333333333
1 0.377734375 0.5848958333333333 0.031640625 0.034895833333333334
1 0.765625 0.6333333333333333 0.06015625 0.07864583333333333
1 0.559375 0.5614583333333333 0.02890625 0.040625
1 0.5203125 0.078125 0.02890625 0.035416666666666666
1 0.972265625 0.6135416666666667 0.023046875 0.03177083333333333
1 0.233984375 0.80625 0.0609375 0.07708333333333334
1 0.4 0.8875 0.021484375 0.028645833333333332
0 0.378125 0.18229166666666666 0.039453125 0.07239583333333334
1 0.577734375 0.24791666666666667 0.0234375 0.034375
1 0.640625 0.10416666666666667 0.05234375 0.06927083333333334
1 0.00625 0.7083333333333334 0.012109375 0.0375
1 0.284375 0.47604166666666664 0.028125 0.0296875
1 0.06796875 0.5942708333333333 0.030078125 0.0359375
0 0.64609375 0.4317708333333333 0.03359375 0.04635416666666667
1 0.3484375 0.37552083333333336 0.054296875 0.08072916666666667
1 0.46875 0.4427083333333333 0.02578125 0.0359375
1 0.740234375 0.4432291666666667 0.0265625 0.03697916666666667
1 0.5390625 0.4270833333333333 0.0265625 0.036458333333333336
1 0.533984375 0.16927083333333334 0.0578125 0.0703125
1 0.169921875 0.1796875 0.053125 0.07916666666666666
0 0.80859375 0.58125 0.0234375 0.029166666666666667
1 0.340234375 0.509375 0.034765625 0.03854166666666667
1 0.487890625 0.6166666666666667 0.022265625 0.033854166666666664
1 0.747265625 0.9901041666666667 0.02890625 0.019791666666666666
1 0.730078125 0.1078125 0.023046875 0.025
1 0.783203125 0.5427083333333333 0.02265625 0.028645833333333332
1 0.691015625 0.3140625 0.026171875 0.0234375
1 0.893359375 0.41770833333333335 0.0265625 0.033854166666666664
1 0.87734375 0.7114583333333333 0.023828125 0.030208333333333334
1 0.805859375 0.36302083333333335 0.021875 0.03125
1 0.318359375 0.18125 0.022265625 0.03125
1 0.57265625 0.33541666666666664 0.06015625 0.06354166666666666
1 0.430859375 0.3328125 0.052734375 0.07239583333333334
1 0.035546875 0.3489583333333333 0.026171875 0.033854166666666664
1 0.11484375 0.3890625 0.06015625 0.0828125
1 0.571484375 0.6708333333333333 0.05703125 0.07135416666666666
1 0.181640625 0.7317708333333334 0.021484375 0.029166666666666667
1 0.111328125 0.9 0.027734375 0.03802083333333333
1 0.173828125 0.884375 0.02890625 0.04010416666666667
1 0.3625 0.8005208333333333 0.065625 0.0828125
1 0.119140625 0.75625 0.06875 0.08541666666666667
1 0.934375 0.6744791666666666 0.06328125 0.0734375
0 0.091015625 0.26875 0.007421875 0.009375
0 0.9859375 0.44583333333333336 0.015234375 0.026041666666666668
1 0.88671875 0.3265625 0.066796875 0.06770833333333333
0 0.18515625 0.9901041666666667 0.0234375 0.019791666666666666
1 0.580078125 0.7369791666666666 0.012109375 0.014583333333333334
1 0.50390625 0.6838541666666667 0.011328125 0.018229166666666668
1 0.639453125 0.965625 0.024609375 0.035416666666666666
1 0.75625 0.7973958333333333 0.02265625 0.030208333333333334
1 0.7640625 0.871875 0.02734375 0.03854166666666667
1 0.955859375 0.9802083333333333 0.0265625 0.0390625
1 0.807421875 0.034375 0.019921875 0.025520833333333333
1 0.92421875 0.06197916666666667 0.02421875 0.03125
1 0.869921875 0.125 0.057421875 0.08385416666666666
0 0.87578125 0.022395833333333334 0.0234375 0.0328125
1 0.7921875 0.15104166666666666 0.01640625 0.03229166666666667
1 0.995703125 0.1 0.00859375 0.03697916666666667
1 0.85859375 0.8302083333333333 0.06640625 0.08125
1 0.513671875 0.7796875 0.025390625 0.035416666666666666
1 0.6640625 0.7239583333333334 0.028515625 0.0359375
1 0.492578125 0.8552083333333333 0.028125 0.035416666666666666
1 0.7390625 0.7255208333333333 0.03046875 0.03697916666666667
1 0.59765625 0.8807291666666667 0.057421875 0.07395833333333333
1 0.491015625 0.9651041666666667 0.05625 0.06979166666666667
1 0.704296875 0.8661458333333333 0.026953125 0.03802083333333333
0 0.581640625 0.7666666666666667 0.01875 0.034895833333333334
1 0.009765625 0.8619791666666666 0.01953125 0.0375
1 0.2859375 0.9697916666666667 0.0609375 0.06041666666666667
1 0.6640625 0.6041666666666666 0.026171875 0.0359375
1 0.492578125 0.315625 0.025 0.028125
1 0.380859375 0.05572916666666667 0.02109375 0.022395833333333334
1 0.290625 0.103125 0.026171875 0.0265625
0 0.839453125 0.2140625 0.0265625 0.0328125
1 0.81484375 0.6708333333333333 0.0234375 0.0296875
0 0.461328125 0.21458333333333332 0.026171875 0.035416666666666666
1 0.2078125 0.4583333333333333 0.03046875 0.03802083333333333
1 0.203515625 0.26927083333333335 0.028515625 0.035416666666666666
0 0.2265625 0.1640625 0.0234375 0.0375
1 0.381640625 0.43385416666666665 0.024609375 0.028645833333333332
1 0.275390625 0.23020833333333332 0.057421875 0.07708333333333334
1 0.26328125 0.69375 0.01640625 0.030729166666666665
1 0.423828125 0.4125 0.019921875 0.026041666666666668
1 0.2578125 0.3692708333333333 0.05546875 0.0765625
1 0.0203125 0.46041666666666664 0.02578125 0.03697916666666667