1 0.643359375 0.31666666666666665 0.0203125 0.03333333333333333
1 0.473046875 0.9203125 0.068359375 0.08802083333333334
1 0.948046875 0.946875 0.062109375 0.08541666666666667
1 0.54921875 0.8885416666666667 0.02578125 0.03802083333333333
1 0.81796875 0.975 0.028515625 0.040625
1 0.80234375 0.9510416666666667 0.03203125 0.04114583333333333
1 0.713671875 0.259375 0.0296875 0.0359375
1 0.41015625 0.9239583333333333 0.02890625 0.0359375
1 0.30390625 0.4744791666666667 0.033984375 0.0453125
0 0.8703125 0.825 0.021875 0.022395833333333334
1 0.053125 0.5869791666666667 0.028515625 0.03177083333333333
0 0.230859375 0.4192708333333333 0.029296875 0.0359375
0 0.562890625 0.3411458333333333 0.040625 0.058333333333333334
1 0.7375 0.5140625 0.028515625 0.04375
1 0.82578125 0.8182291666666667 0.027734375 0.033854166666666664
1 0.109765625 0.8557291666666667 0.06875 0.08958333333333333
0 0.18125 0.9270833333333334 0.023046875 0.034895833333333334
1 0.689453125 0.7703125 0.0265625 0.03802083333333333
1 0.7125 0.9052083333333333 0.060546875 0.0828125
1 0.0078125 0.9427083333333334 0.015625 0.0421875
1 0.075390625 0.6807291666666667 0.063671875 0.0859375
1 0.18046875 0.7177083333333333 0.029296875 0.033854166666666664
1 0.251953125 0.9182291666666667 0.025 0.0375
1 0.1046875 0.7645833333333333 0.02421875 0.0328125
0 0.01875 0.8296875 0.0296875 0.041666666666666664
1 0.4109375 0.671875 0.06953125 0.09114583333333333
1 0.644140625 0.8723958333333334 0.024609375 0.03854166666666667
0 0.203125 0.6036458333333333 0.013671875 0.0265625
1 0.055859375 0.4046875 0.030859375 0.03802083333333333
0 0.169921875 0.2984375 0.02421875 0.033854166666666664
1 0.14921875 0.5057291666666667 0.030859375 0.0328125
0 0.4390625 0.2875 0.0234375 0.030729166666666665
1 0.269140625 0.6744791666666666 0.05703125 0.08697916666666666
1 0.437109375 0.41875 0.063671875 0.08333333333333333
1 0.292578125 0.2796875 0.06875 0.09166666666666666
1 0.503125 0.4041666666666667 0.02421875 0.04010416666666667
1 0.4390625 0.8119791666666667 0.0265625 0.03854166666666667
1 0.290234375 0.7901041666666667 0.026171875 0.0390625
1 0.462109375 0.5026041666666666 0.02578125 0.036458333333333336
1 0.326171875 0.7255208333333333 0.026171875 0.0375
1 0.455078125 0.6286458333333333 0.0234375 0.033854166666666664
1 0.56328125 0.784375 0.03046875 0.03854166666666667
1 0.50625 0.7234375 0.029296875 0.03333333333333333
1 0.362890625 0.5651041666666666 0.0234375 0.035416666666666666
1 0.28203125 0.58125 0.025 0.03229166666666667
1 0.375 0.3640625 0.024609375 0.033854166666666664
0 0.75703125 0.25677083333333334 0.0140625 0.019270833333333334
0 0.73046875 0.1640625 0.019921875 0.029166666666666667
1 0.616015625 0.5734375 0.0265625 0.03125
1 0.66015625 0.24739583333333334 0.01875 0.025520833333333333
1 0.7671875 0.3572916666666667 0.026171875 0.03177083333333333
1 0.940234375 0.13229166666666667 0.023828125 0.03854166666666667
1 0.62265625 0.4348958333333333 0.0265625 0.034895833333333334
1 0.759765625 0.41041666666666665 0.02578125 0.036458333333333336
1 0.5296875 0.1828125 0.028125 0.03854166666666667
1 0.249609375 0.18385416666666668 0.028515625 0.033854166666666664
1 0.459765625 0.046875 0.031640625 0.04114583333333333
1 0.298828125 0.07864583333333333 0.026953125 0.04010416666666667
1 0.91875 0.6494791666666667 0.02734375 0.03229166666666667
1 0.808984375 0.32708333333333334 0.030078125 0.0359375
1 0.77265625 0.12239583333333333 0.029296875 0.0375
1 0.87421875 0.48854166666666665 0.030078125 0.0375
1 0.61171875 0.06354166666666666 0.02890625 0.03697916666666667
1 0.5015625 0.12447916666666667 0.027734375 0.04114583333333333
1 0.773828125 0.6354166666666666 0.023828125 0.036458333333333336
1 0.965234375 0.4078125 0.029296875 0.04114583333333333
1 0.71796875 0.07239583333333334 0.02734375 0.0375
1 0.5734375 0.4921875 0.06484375 0.0859375
1 0.170703125 0.1109375 0.06640625 0.09479166666666666
0 0.0984375 0.18697916666666667 0.028125 0.03229166666666667
1 0.67421875 0.37083333333333335 0.061328125 0.08697916666666666
1 0.65 0.6401041666666667 0.064453125 0.08489583333333334
1 0.975 0.2390625 0.049609375 0.08541666666666667
1 0.86953125 0.1015625 0.05625 0.08541666666666667
1 0.838671875 0.659375 0.06953125 0.0890625
1 0.362890625 0.11302083333333333 0.03046875 0.03125
1 0.8359375 0.2109375 0.019921875 0.034895833333333334
1 0.9140625 0.290625 0.023046875 0.030208333333333334
0 0.97109375 0.5161458333333333 0.02890625 0.033854166666666664
1 0.975390625 0.011979166666666667 0.021875 0.023958333333333335
1 0.981640625 0.646875 0.03671875 0.0765625
1 0.661328125 0.48072916666666665 0.024609375 0.03697916666666667
1 0.946484375 0.7895833333333333 0.02265625 0.034895833333333334
0 0.3546875 0.921875 0.04609375 0.06510416666666667