1 0.61171875 0.9916666666666667 0.02421875 0.016666666666666666
1 0.571875 0.3421875 0.025 0.03697916666666667
1 0.581640625 0.23385416666666667 0.0265625 0.03802083333333333
1 0.928515625 0.9239583333333333 0.057421875 0.07916666666666666
1 0.39609375 0.7755208333333333 0.0640625 0.08489583333333334
1 0.4234375 0.8729166666666667 0.028515625 0.030729166666666665
1 0.86015625 0.7942708333333334 0.02421875 0.035416666666666666
1 0.9546875 0.8229166666666666 0.025390625 0.034375
1 0.504296875 0.4859375 0.029296875 0.035416666666666666
0 0.433203125 0.3802083333333333 0.02109375 0.025
0 0.656640625 0.2203125 0.04609375 0.06041666666666667
1 0.441796875 0.303125 0.0265625 0.036458333333333336
0 0.3203125 0.29635416666666664 0.0265625 0.0375
1 0.259375 0.340625 0.057421875 0.0796875
1 0.80546875 0.9890625 0.054296875 0.021875
1 0.338671875 0.44114583333333335 0.0265625 0.034895833333333334
1 0.576953125 0.10885416666666667 0.02734375 0.025
0 0.192578125 0.26979166666666665 0.027734375 0.034375
1 0.478515625 0.215625 0.05546875 0.08385416666666666
1 0.161328125 0.4203125 0.05625 0.08020833333333334
1 0.4953125 0.9463541666666667 0.06171875 0.08177083333333333
1 0.866015625 0.7307291666666667 0.058984375 0.08072916666666667
1 0.789453125 0.24166666666666667 0.061328125 0.078125
1 0.508203125 0.3614583333333333 0.05625 0.0765625
1 0.21953125 0.4822916666666667 0.025 0.036458333333333336
1 0.6296875 0.4875 0.02578125 0.040625
1 0.746875 0.49583333333333335 0.02578125 0.03229166666666667
0 0.9296875 0.19895833333333332 0.026953125 0.040625
1 0.2640625 0.6822916666666666 0.028515625 0.0359375
1 0.25 0.5505208333333333 0.02734375 0.0390625
0 0.10390625 0.6869791666666667 0.0234375 0.0296875
1 0.683984375 0.9489583333333333 0.0625 0.0828125
1 0.685546875 0.44583333333333336 0.02578125 0.040625
1 0.913671875 0.30052083333333335 0.06015625 0.08072916666666667
1 0.94453125 0.665625 0.027734375 0.040625
1 0.834765625 0.6020833333333333 0.019140625 0.023958333333333335
0 0.2171875 0.18697916666666667 0.026953125 0.03125
0 0.393359375 0.5776041666666667 0.027734375 0.0359375
1 0.388671875 0.6963541666666667 0.02265625 0.026041666666666668
1 0.73828125 0.546875 0.059765625 0.08385416666666666
1 0.6640625 0.5859375 0.02890625 0.03177083333333333
1 0.698046875 0.5859375 0.018359375 0.0359375
0 0.88671875 0.49583333333333335 0.032421875 0.034895833333333334
1 0.5375 0.6557291666666667 0.059765625 0.07916666666666666
1 0.735546875 0.6640625 0.028125 0.04010416666666667
1 0.6625 0.7526041666666666 0.06171875 0.08333333333333333
0 0.709375 0.22552083333333334 0.01953125 0.030729166666666665
1 0.771484375 0.7994791666666666 0.02734375 0.04010416666666667
1 0.69453125 0.8255208333333334 0.025390625 0.0296875
1 0.81640625 0.09427083333333333 0.025390625 0.023958333333333335
1 0.797265625 0.12760416666666666 0.023828125 0.0234375
1 0.721484375 0.35885416666666664 0.026171875 0.03802083333333333
1 0.314453125 0.20260416666666667 0.0546875 0.075
1 0.6484375 0.3307291666666667 0.059375 0.08177083333333333
0 0.019921875 0.15052083333333333 0.02734375 0.030208333333333334
1 0.108984375 0.21979166666666666 0.059765625 0.07604166666666666
1 0.5953125 0.6197916666666666 0.02421875 0.0328125
0 0.5765625 0.8276041666666667 0.025390625 0.03802083333333333
1 0.96875 0.42135416666666664 0.024609375 0.03802083333333333
1 0.2046875 0.6578125 0.020703125 0.0265625
1 0.984765625 0.309375 0.025390625 0.0328125
1 0.15 0.6020833333333333 0.026171875 0.03854166666666667
1 0.064453125 0.634375 0.0609375 0.078125
1 0.026171875 0.32083333333333336 0.051953125 0.08489583333333334
1 0.088671875 0.7640625 0.02578125 0.03333333333333333
1 0.8359375 0.3338541666666667 0.023828125 0.03697916666666667
0 0.263671875 0.8046875 0.027734375 0.034895833333333334
1 0.114453125 0.8286458333333333 0.01328125 0.027604166666666666
1 0.0359375 0.9822916666666667 0.02734375 0.035416666666666666
1 0.46953125 0.7239583333333334 0.022265625 0.033854166666666664
1 0.1265625 0.8859375 0.03125 0.0453125
1 0.293359375 0.9328125 0.0546875 0.0796875
1 0.094921875 0.43125 0.02578125 0.027083333333333334
1 0.046875 0.4713541666666667 0.06328125 0.06822916666666666
0 0.007421875 0.5177083333333333 0.014453125 0.0265625
0 0.080859375 0.28541666666666665 0.02265625 0.027604166666666666
1 0.38125 0.35208333333333336 0.05859375 0.0765625
1 0.86953125 0.9494791666666667 0.021875 0.019270833333333334
1 0.78515625 0.42916666666666664 0.06171875 0.08072916666666667