1 0.05390625 0.7161458333333334 0.0234375 0.030729166666666665
1 0.01640625 0.7333333333333333 0.032421875 0.07916666666666666
1 0.308203125 0.5651041666666666 0.0296875 0.03802083333333333
1 0.2140625 0.5536458333333333 0.023828125 0.0328125
1 0.346484375 0.628125 0.029296875 0.034895833333333334
1 0.14140625 0.63125 0.023046875 0.0296875
1 0.056640625 0.5380208333333333 0.059375 0.07708333333333334
1 0.95625 0.6369791666666667 0.02265625 0.03333333333333333
1 0.1265625 0.7307291666666667 0.054296875 0.06666666666666667
1 0.269921875 0.759375 0.025390625 0.03229166666666667
1 0.37734375 0.7385416666666667 0.023828125 0.03125
1 0.212109375 0.6973958333333333 0.0625 0.08229166666666667
1 0.321484375 0.7119791666666667 0.0546875 0.08125
1 0.83125 0.678125 0.030078125 0.03802083333333333
1 0.796484375 0.7989583333333333 0.025 0.036458333333333336
1 0.565625 0.7427083333333333 0.029296875 0.034375
0 0.659375 0.7229166666666667 0.02421875 0.030208333333333334
1 0.68046875 0.7958333333333333 0.063671875 0.08385416666666666
1 0.423828125 0.1125 0.025 0.034375
1 0.046875 0.065625 0.03203125 0.030729166666666665
1 0.6953125 0.096875 0.026953125 0.034375
1 0.283984375 0.096875 0.02734375 0.034895833333333334
0 0.61171875 0.0703125 0.02890625 0.029166666666666667
0 0.37109375 0.016145833333333335 0.033984375 0.03177083333333333
0 0.508203125 0.13229166666666667 0.01796875 0.019791666666666666
1 0.147265625 0.1171875 0.02734375 0.0375
1 0.337890625 0.171875 0.05859375 0.071875
1 0.522265625 0.06354166666666666 0.021875 0.028645833333333332
1 0.4515625 0.6817708333333333 0.059765625 0.07708333333333334
1 0.939453125 0.721875 0.024609375 0.03697916666666667
1 0.84296875 0.140625 0.026953125 0.034375
1 0.78984375 0.014583333333333334 0.026953125 0.028645833333333332
1 0.98515625 0.8119791666666667 0.025390625 0.034895833333333334
1 0.735546875 0.9859375 0.051953125 0.027604166666666666
1 0.85390625 0.9734375 0.024609375 0.030729166666666665
1 0.9953125 0.30520833333333336 0.009375 0.03958333333333333
1 0.948828125 0.196875 0.01328125 0.014583333333333334
1 0.884765625 0.020833333333333332 0.020703125 0.033854166666666664
0 0.98203125 0.15 0.035546875 0.051041666666666666
1 0.882421875 0.24583333333333332 0.020703125 0.03125
1 0.925 0.259375 0.06328125 0.08541666666666667
1 0.87109375 0.8848958333333333 0.061328125 0.075
1 0.969921875 0.90625 0.056640625 0.08072916666666667
1 0.637890625 0.86875 0.02265625 0.03125
1 0.725390625 0.8848958333333333 0.028125 0.03333333333333333
0 0.60390625 0.271875 0.021875 0.028125
1 0.787890625 0.2453125 0.05703125 0.07552083333333333
1 0.3203125 0.8625 0.025 0.036458333333333336
1 0.3953125 0.984375 0.06328125 0.030729166666666665
1 0.176953125 0.9453125 0.0265625 0.03125
1 0.20390625 0.9895833333333334 0.05 0.0203125
1 0.324609375 0.33177083333333335 0.0234375 0.029166666666666667
0 0.15390625 0.3098958333333333 0.0171875 0.0296875
1 0.09140625 0.29010416666666666 0.03046875 0.034895833333333334
0 0.056640625 0.2234375 0.029296875 0.03177083333333333
1 0.450390625 0.31302083333333336 0.028515625 0.0375
1 0.390625 0.27395833333333336 0.025390625 0.034375
0 0.254296875 0.296875 0.036328125 0.059375
1 0.519140625 0.21458333333333332 0.058984375 0.0796875
1 0.178125 0.21979166666666666 0.06328125 0.08489583333333334
1 0.00859375 0.3026041666666667 0.0171875 0.0359375
1 0.09765625 0.3885416666666667 0.028515625 0.03229166666666667
1 0.062890625 0.3333333333333333 0.027734375 0.033854166666666664
1 0.833203125 0.7171875 0.009375 0.015104166666666667
1 0.237890625 0.43125 0.023046875 0.030729166666666665
1 0.189453125 0.43802083333333336 0.063671875 0.07760416666666667
1 0.567578125 0.3463541666666667 0.027734375 0.034895833333333334
0 0.505078125 0.43697916666666664 0.022265625 0.0203125
1 0.434375 0.48125 0.026171875 0.033854166666666664
1 0.351953125 0.4244791666666667 0.064453125 0.0828125
1 0.7328125 0.4317708333333333 0.02265625 0.0234375
1 0.739453125 0.35208333333333336 0.023828125 0.028125
1 0.64765625 0.3765625 0.022265625 0.028645833333333332
1 0.659765625 0.2984375 0.061328125 0.08177083333333333
1 0.519140625 0.9859375 0.0265625 0.028125
1 0.270703125 0.8640625 0.028125 0.041666666666666664
1 0.701953125 0.20885416666666667 0.022265625 0.03125
1 0.39921875 0.8453125 0.027734375 0.035416666666666666
1 0.063671875 0.9109375 0.057421875 0.07552083333333333
1 0.180859375 0.8244791666666667 0.0265625 0.04114583333333333
1 0.9875 0.446875 0.025 0.0265625
1 0.866015625 0.41770833333333335 0.029296875 0.03802083333333333
1 0.50703125 0.8322916666666667 0.05625 0.07239583333333334
1 0.247265625 0.19739583333333333 0.025 0.0359375
1 0.2828125 0.9947916666666666 0.01171875 0.009895833333333333
1 0.873046875 0.5125 0.023828125 0.03854166666666667
1 0.81015625 0.5723958333333333 0.030078125 0.0375
1 0.61953125 0.5958333333333333 0.02734375 0.036458333333333336
1 0.715625 0.5536458333333333 0.023046875 0.025520833333333333
0 0.514453125 0.5427083333333333 0.028515625 0.034895833333333334
1 0.9625 0.5307291666666667 0.058984375 0.075
1 0.65234375 0.4828125 0.06171875 0.075