1 0.894140625 0.18958333333333333 0.026171875 0.03177083333333333
1 0.05 0.9697916666666667 0.021875 0.028645833333333332
0 0.304296875 0.9817708333333334 0.026953125 0.03229166666666667
1 0.2546875 0.728125 0.026953125 0.034375
1 0.13671875 0.9885416666666667 0.0546875 0.022395833333333334
1 0.1140625 0.434375 0.02421875 0.03802083333333333
1 0.505859375 0.86875 0.025 0.03177083333333333
1 0.5703125 0.7307291666666667 0.025390625 0.0375
1 0.451953125 0.8463541666666666 0.008984375 0.011979166666666667
0 0.586328125 0.6359375 0.028125 0.0375
1 0.834765625 0.8864583333333333 0.059375 0.075
1 0.9125 0.7286458333333333 0.055078125 0.07708333333333334
1 0.206640625 0.596875 0.060546875 0.08125
1 0.382421875 0.6921875 0.058203125 0.07864583333333333
1 0.76328125 0.65625 0.06328125 0.078125
1 0.45390625 0.9197916666666667 0.02734375 0.03333333333333333
1 0.31171875 0.8109375 0.025390625 0.03697916666666667
1 0.85625 0.9770833333333333 0.026171875 0.03177083333333333
1 0.1015625 0.5416666666666666 0.02421875 0.030208333333333334
0 0.700390625 0.878125 0.02734375 0.040625
1 0.99453125 0.6729166666666667 0.0109375 0.04114583333333333
1 0.916015625 0.8557291666666667 0.022265625 0.033854166666666664
1 0.991796875 0.8796875 0.016015625 0.03125
1 0.762890625 0.9796875 0.018359375 0.022916666666666665
1 0.723828125 0.778125 0.028125 0.03177083333333333
1 0.07421875 0.7317708333333334 0.019921875 0.0375
1 0.49296875 0.6604166666666667 0.025 0.03229166666666667
0 0.542578125 0.6708333333333333 0.013671875 0.027083333333333334
0 0.31015625 0.6526041666666667 0.02421875 0.035416666666666666
1 0.139453125 0.6864583333333333 0.055078125 0.07604166666666666
1 0.7703125 0.8416666666666667 0.024609375 0.0296875
1 0.255078125 0.49947916666666664 0.025390625 0.03125
1 0.1328125 0.346875 0.02265625 0.03229166666666667
0 0.978125 0.9791666666666666 0.02109375 0.03125
0 0.44609375 0.4427083333333333 0.021875 0.030729166666666665
1 0.96640625 0.153125 0.02890625 0.0359375
1 0.923828125 0.06875 0.05625 0.07604166666666666
0 0.491015625 0.5177083333333333 0.02421875 0.03229166666666667
1 0.3640625 0.4328125 0.02578125 0.0359375
1 0.394140625 0.5401041666666667 0.026171875 0.0390625
1 0.732421875 0.49895833333333334 0.023046875 0.025
1 0.416796875 0.278125 0.05625 0.07552083333333333
1 0.94921875 0.603125 0.02109375 0.03125
1 0.628125 0.5072916666666667 0.020703125 0.03333333333333333
1 0.7609375 0.35833333333333334 0.025390625 0.028125
1 0.8515625 0.55 0.02578125 0.036458333333333336
1 0.337109375 0.3104166666666667 0.028125 0.033854166666666664
1 0.65 0.5828125 0.031640625 0.0375
1 0.907421875 0.3651041666666667 0.027734375 0.04114583333333333
1 0.791015625 0.5072916666666667 0.054296875 0.06510416666666667
1 0.667578125 0.38229166666666664 0.053125 0.07395833333333333
1 0.585546875 0.478125 0.05859375 0.08385416666666666
1 0.621484375 0.18958333333333333 0.057421875 0.07760416666666667
1 0.95546875 0.2598958333333333 0.06015625 0.08229166666666667
1 0.80625 0.12916666666666668 0.062890625 0.07760416666666667
1 0.290234375 0.3640625 0.059375 0.08541666666666667
0 0.640625 0.2859375 0.02578125 0.03333333333333333
0 0.83203125 0.2546875 0.03125 0.030729166666666665
1 0.951171875 0.496875 0.0609375 0.08385416666666666
0 0.36875 0.096875 0.01484375 0.019270833333333334
1 0.810546875 0.39010416666666664 0.0578125 0.0765625
0 0.537890625 0.009895833333333333 0.0265625 0.019791666666666666
0 0.25703125 0.19583333333333333 0.058203125 0.08177083333333333
1 0.212109375 0.31145833333333334 0.02265625 0.029166666666666667
0 0.176171875 0.25364583333333335 0.055859375 0.0859375
1 0.830078125 0.022395833333333334 0.024609375 0.034895833333333334
1 0.638671875 0.010416666666666666 0.025 0.020833333333333332
1 0.108203125 0.23645833333333333 0.0203125 0.025520833333333333
1 0.744921875 0.11197916666666667 0.019921875 0.030729166666666665
1 0.98359375 0.31875 0.025390625 0.030208333333333334
1 0.684765625 0.09010416666666667 0.02734375 0.03333333333333333
1 0.38828125 0.0546875 0.02109375 0.029166666666666667
1 0.291015625 0.08541666666666667 0.027734375 0.03697916666666667
0 0.61171875 0.8786458333333333 0.0171875 0.025
0 0.1703125 0.11302083333333333 0.015234375 0.01875
0 0.450390625 0.11510416666666666 0.03125 0.03958333333333333
1 0.34375 0.21614583333333334 0.0234375 0.0328125
1 0.75859375 0.23385416666666667 0.025390625 0.0328125
1 0.498828125 0.1734375 0.025 0.030729166666666665
1 0.541015625 0.14114583333333333 0.0265625 0.0328125
1 0.823046875 0.7890625 0.025390625 0.034375
1 0.7828125 0.9854166666666667 0.02890625 0.029166666666666667
1 0.598046875 0.9390625 0.0578125 0.08333333333333333
1 0.372265625 0.8817708333333333 0.05703125 0.07708333333333334
0 0.240234375 0.8598958333333333 0.0671875 0.0828125
1 0.56015625 0.3015625 0.0265625 0.0375
1 0.394921875 0.6208333333333333 0.01796875 0.026041666666666668
1 0.456640625 0.8104166666666667 0.02265625 0.0359375
1 0.084765625 0.8614583333333333 0.02421875 0.03854166666666667
1 0.155078125 0.859375 0.024609375 0.03958333333333333
1 0.226953125 0.3776041666666667 0.026953125 0.035416666666666666
1 0.528515625 0.3546875 0.02734375 0.03333333333333333