1 0.169921875 0.12552083333333333 0.0265625 0.03125
1 0.87421875 0.7234375 0.028515625 0.026041666666666668
1 0.79296875 0.690625 0.024609375 0.034895833333333334
1 0.885546875 0.3578125 0.024609375 0.03333333333333333
1 0.568359375 0.38125 0.022265625 0.03697916666666667
0 0.04453125 0.6192708333333333 0.03046875 0.028645833333333332
0 0.096484375 0.6890625 0.028515625 0.03802083333333333
1 0.217578125 0.703125 0.0203125 0.025
0 0.25390625 0.6401041666666667 0.02265625 0.029166666666666667
0 0.742578125 0.6953125 0.020703125 0.029166666666666667
1 0.8265625 0.09010416666666667 0.024609375 0.03697916666666667
1 0.1703125 0.571875 0.027734375 0.03125
1 0.9265625 0.32916666666666666 0.020703125 0.03177083333333333
1 0.9578125 0.7348958333333333 0.024609375 0.030208333333333334
1 0.822265625 0.8369791666666667 0.024609375 0.03177083333333333
1 0.994921875 0.8635416666666667 0.009765625 0.025
1 0.887890625 0.8723958333333334 0.03515625 0.027604166666666666
1 0.72421875 0.8046875 0.021875 0.024479166666666666
1 0.565234375 0.6578125 0.025 0.0296875
0 0.601953125 0.7447916666666666 0.02421875 0.024479166666666666
1 0.610546875 0.8109375 0.033984375 0.035416666666666666
1 0.451171875 0.7802083333333333 0.025 0.033854166666666664
1 0.241796875 0.7166666666666667 0.0265625 0.0296875
0 0.29296875 0.6765625 0.015234375 0.029166666666666667
1 0.37109375 0.6875 0.025 0.027083333333333334
1 0.294140625 0.7677083333333333 0.026953125 0.029166666666666667
1 0.33828125 0.7645833333333333 0.022265625 0.024479166666666666
1 0.4625 0.6651041666666667 0.064453125 0.0859375
1 0.32578125 0.8208333333333333 0.057421875 0.075
1 0.165234375 0.7010416666666667 0.027734375 0.0296875
1 0.08671875 0.7442708333333333 0.034375 0.036458333333333336
1 0.526171875 0.48541666666666666 0.0234375 0.034375
1 0.883203125 0.6208333333333333 0.06015625 0.08541666666666667
1 0.76484375 0.5848958333333333 0.02734375 0.035416666666666666
1 0.95625 0.4348958333333333 0.05234375 0.07916666666666666
1 0.425390625 0.48385416666666664 0.028125 0.028645833333333332
1 0.83125 0.3151041666666667 0.021484375 0.0265625
1 0.364453125 0.4114583333333333 0.019921875 0.03229166666666667
1 0.295703125 0.44166666666666665 0.067578125 0.08802083333333334
1 0.705859375 0.5973958333333333 0.02421875 0.0328125
1 0.61875 0.4161458333333333 0.020703125 0.035416666666666666
1 0.370703125 0.5713541666666667 0.023046875 0.030208333333333334
1 0.33515625 0.5947916666666667 0.02890625 0.035416666666666666
1 0.62734375 0.5083333333333333 0.059375 0.08125
1 0.9890625 0.5635416666666667 0.021875 0.042708333333333334
1 0.587890625 0.13020833333333334 0.019140625 0.03229166666666667
1 0.971875 0.0453125 0.014453125 0.013541666666666667
0 0.02421875 0.030729166666666665 0.018359375 0.027604166666666666
1 0.198046875 0.17760416666666667 0.010546875 0.020833333333333332
0 0.5 0.075 0.02109375 0.03958333333333333
0 0.694921875 0.21510416666666668 0.02109375 0.0265625
1 0.88671875 0.49895833333333334 0.02109375 0.035416666666666666
1 0.9015625 0.2791666666666667 0.01015625 0.015104166666666667
1 0.10078125 0.3453125 0.021875 0.0375
1 0.862109375 0.12395833333333334 0.01875 0.0203125
1 0.932421875 0.22447916666666667 0.02421875 0.0375
1 0.198046875 0.4239583333333333 0.026171875 0.035416666666666666
1 0.641015625 0.08489583333333334 0.023828125 0.03802083333333333
1 0.28125 0.26145833333333335 0.0265625 0.03333333333333333
1 0.74921875 0.40260416666666665 0.027734375 0.034375
1 0.883984375 0.12239583333333333 0.024609375 0.03333333333333333
1 0.170703125 0.4708333333333333 0.0296875 0.03229166666666667
1 0.5015625 0.31354166666666666 0.02265625 0.03697916666666667
1 0.400390625 0.11979166666666667 0.029296875 0.03697916666666667
1 0.18515625 0.2484375 0.06484375 0.08958333333333333
1 0.419140625 0.3072916666666667 0.060546875 0.08541666666666667
1 0.3078125 0.0640625 0.060546875 0.08177083333333333
1 0.81796875 0.4713541666666667 0.0296875 0.0453125
1 0.7921875 0.2375 0.023046875 0.041666666666666664
1 0.57265625 0.22395833333333334 0.05546875 0.08229166666666667
1 0.680078125 0.3 0.05703125 0.08229166666666667
1 0.71796875 0.11666666666666667 0.052734375 0.08229166666666667
0 0.083984375 0.4765625 0.054296875 0.06927083333333334
1 0.675390625 0.43020833333333336 0.023046875 0.033854166666666664
1 0.594921875 0.021875 0.055859375 0.04375
1 0.840625 0.011458333333333333 0.046875 0.022916666666666665
0 0.900390625 0.046875 0.031640625 0.0234375
1 0.742578125 0.029166666666666667 0.0171875 0.028125
1 0.3453125 0.22395833333333334 0.025 0.035416666666666666