1 0.949609375 0.3078125 0.030859375 0.044270833333333336
1 0.919140625 0.41041666666666665 0.026953125 0.03802083333333333
1 0.43515625 0.9890625 0.021875 0.021875
1 0.09375 0.8932291666666666 0.028515625 0.03854166666666667
1 0.9515625 0.2203125 0.028125 0.0296875
1 0.330078125 0.9828125 0.024609375 0.03333333333333333
1 0.45703125 0.7317708333333334 0.02578125 0.0375
1 0.261328125 0.6864583333333333 0.02421875 0.0390625
1 0.656640625 0.6942708333333333 0.0578125 0.078125
1 0.604296875 0.8171875 0.031640625 0.03697916666666667
1 0.761328125 0.6921875 0.028125 0.03854166666666667
1 0.781640625 0.64375 0.02578125 0.034895833333333334
1 0.208984375 0.5682291666666667 0.062890625 0.078125
1 0.544921875 0.6489583333333333 0.020703125 0.030208333333333334
1 0.435546875 0.6046875 0.031640625 0.033854166666666664
1 0.670703125 0.8479166666666667 0.025 0.0359375
1 0.1765625 0.9833333333333333 0.028125 0.03333333333333333
1 0.225390625 0.9411458333333333 0.062890625 0.08541666666666667
1 0.051953125 0.8776041666666666 0.0296875 0.03802083333333333
1 0.146875 0.8020833333333334 0.021484375 0.033854166666666664
1 0.523046875 0.2671875 0.062890625 0.08333333333333333
1 0.46484375 0.8973958333333333 0.068359375 0.08229166666666667
1 0.72578125 0.7864583333333334 0.027734375 0.0296875
1 0.2234375 0.29583333333333334 0.02734375 0.03958333333333333
1 0.406640625 0.6817708333333333 0.028125 0.042708333333333334
1 0.323046875 0.6979166666666666 0.061328125 0.08854166666666667
1 0.1984375 0.6671875 0.0234375 0.03229166666666667
1 0.800390625 0.35833333333333334 0.025 0.03854166666666667
1 0.666015625 0.9140625 0.028125 0.044270833333333336
1 0.316796875 0.8338541666666667 0.025390625 0.041666666666666664
0 0.255078125 0.6020833333333333 0.040234375 0.05364583333333333
1 0.2859375 0.5151041666666667 0.0234375 0.0296875
1 0.530078125 0.5661458333333333 0.06875 0.09166666666666666
1 0.33828125 0.3984375 0.0171875 0.028125
1 0.172265625 0.4390625 0.023046875 0.035416666666666666
1 0.819921875 0.6223958333333334 0.030859375 0.0375
1 0.069140625 0.5848958333333333 0.026171875 0.03229166666666667
1 0.0234375 0.5130208333333334 0.0234375 0.0296875
1 0.0140625 0.7197916666666667 0.028125 0.08177083333333333
1 0.562890625 0.44947916666666665 0.0296875 0.04010416666666667
1 0.455859375 0.45729166666666665 0.02421875 0.03229166666666667
1 0.848828125 0.5104166666666666 0.026953125 0.044270833333333336
1 0.3953125 0.4588541666666667 0.0625 0.08229166666666667
1 0.785546875 0.734375 0.025390625 0.03697916666666667
1 0.8875 0.409375 0.01953125 0.03229166666666667
1 0.29375 0.38697916666666665 0.063671875 0.09114583333333333
1 0.759765625 0.4890625 0.022265625 0.03333333333333333
1 0.909765625 0.13020833333333334 0.02265625 0.0328125
1 0.670703125 0.23802083333333332 0.026953125 0.033854166666666664
1 0.29375 0.12291666666666666 0.02265625 0.0375
1 0.378125 0.07395833333333333 0.0640625 0.08802083333333334
1 0.19140625 0.084375 0.060546875 0.07864583333333333
1 0.672265625 0.38385416666666666 0.0625 0.07864583333333333
1 0.194921875 0.025 0.062109375 0.05
1 0.76796875 0.21458333333333332 0.0203125 0.030208333333333334
1 0.59296875 0.3489583333333333 0.025 0.03333333333333333
1 0.99375 0.03854166666666667 0.012109375 0.0296875
1 0.99140625 0.23645833333333333 0.0171875 0.034375
1 0.41328125 0.303125 0.025390625 0.041666666666666664
1 0.35078125 0.23229166666666667 0.02265625 0.03958333333333333
1 0.556640625 0.10625 0.023828125 0.03802083333333333
1 0.703125 0.115625 0.06953125 0.08645833333333333
1 0.8734375 0.18333333333333332 0.058984375 0.08645833333333333
1 0.419140625 0.1546875 0.023828125 0.027083333333333334