0 0.203125 0.8765625 0.025390625 0.035416666666666666
1 0.871875 0.4166666666666667 0.02578125 0.030208333333333334
1 0.57578125 0.34322916666666664 0.040234375 0.058333333333333334
1 0.892578125 0.18854166666666666 0.067578125 0.06666666666666667
1 0.746484375 0.2520833333333333 0.02734375 0.03854166666666667
1 0.261328125 0.16458333333333333 0.0671875 0.08385416666666666
1 0.283203125 0.37916666666666665 0.060546875 0.0921875
1 0.73125 0.41041666666666665 0.05078125 0.06145833333333333
0 0.033203125 0.8041666666666667 0.06640625 0.09166666666666666
0 0.465234375 0.31666666666666665 0.0234375 0.03229166666666667
1 0.264453125 0.5984375 0.0265625 0.03802083333333333
0 0.937890625 0.7625 0.046875 0.05416666666666667
0 0.35078125 0.8307291666666666 0.067578125 0.08541666666666667
1 0.768359375 0.5666666666666667 0.062109375 0.07708333333333334
1 0.96953125 0.3765625 0.053515625 0.065625
1 0.20703125 0.4276041666666667 0.02578125 0.0328125
1 0.875 0.6776041666666667 0.02890625 0.035416666666666666
1 0.357421875 0.559375 0.029296875 0.03802083333333333
1 0.6234375 0.3453125 0.046875 0.06458333333333334
0 0.58203125 0.0984375 0.053125 0.07135416666666666
1 0.080859375 0.12604166666666666 0.027734375 0.034895833333333334
0 0.63984375 0.9833333333333333 0.034375 0.03333333333333333
1 0.336328125 0.4010416666666667 0.025390625 0.030729166666666665
1 0.503125 0.8442708333333333 0.027734375 0.027604166666666666
0 0.935546875 0.9854166666666667 0.029296875 0.028645833333333332
1 0.2984375 0.2635416666666667 0.026171875 0.027083333333333334
1 0.765234375 0.03802083333333333 0.02890625 0.036458333333333336
1 0.600390625 0.30104166666666665 0.0375 0.04479166666666667
0 0.755078125 0.6541666666666667 0.023828125 0.030729166666666665
1 0.615234375 0.575 0.028515625 0.034895833333333334
1 0.37421875 0.09114583333333333 0.02421875 0.03958333333333333
1 0.470703125 0.13020833333333334 0.028515625 0.0328125
1 0.1328125 0.2640625 0.024609375 0.030729166666666665
1 0.01171875 0.30625 0.0234375 0.035416666666666666
0 0.593359375 0.740625 0.0328125 0.03333333333333333
1 0.67734375 0.37447916666666664 0.034375 0.044270833333333336
1 0.480859375 0.5125 0.064453125 0.084375
1 0.653125 0.2677083333333333 0.023828125 0.03229166666666667
1 0.4234375 0.734375 0.024609375 0.0328125
1 0.8140625 0.8208333333333333 0.028515625 0.034895833333333334
1 0.990625 0.6359375 0.01875 0.035416666666666666
1 0.01796875 0.9072916666666667 0.01796875 0.022916666666666665
0 0.05234375 0.6567708333333333 0.028515625 0.028645833333333332
1 0.58125 0.43802083333333336 0.02734375 0.0328125
0 0.283984375 0.03229166666666667 0.021875 0.03125
1 0.7328125 0.49270833333333336 0.02109375 0.03333333333333333
1 0.078125 0.49947916666666664 0.02734375 0.03697916666666667
0 0.158984375 0.6765625 0.026953125 0.029166666666666667
1 0.5671875 0.28854166666666664 0.02734375 0.030208333333333334