1 0.72578125 0.5296875 0.055859375 0.07916666666666666
1 0.76875 0.26458333333333334 0.0546875 0.0796875
1 0.684765625 0.2546875 0.02578125 0.03125
1 0.54453125 0.26666666666666666 0.058984375 0.0796875
1 0.387109375 0.40572916666666664 0.062109375 0.08645833333333333
1 0.818359375 0.7640625 0.02734375 0.033854166666666664
1 0.984765625 0.6682291666666667 0.025390625 0.036458333333333336
1 0.98984375 0.5291666666666667 0.0203125 0.03125
1 0.22734375 0.5333333333333333 0.02578125 0.03802083333333333
1 0.121484375 0.39739583333333334 0.024609375 0.033854166666666664
1 0.810546875 0.6151041666666667 0.031640625 0.03697916666666667
1 0.353515625 0.575 0.028125 0.03125
1 0.328515625 0.3296875 0.021875 0.030729166666666665
1 0.444140625 0.634375 0.03203125 0.0359375
1 0.344921875 0.49166666666666664 0.02421875 0.03802083333333333
1 0.06640625 0.4796875 0.063671875 0.08645833333333333
1 0.94296875 0.8447916666666667 0.0609375 0.08072916666666667
1 0.1296875 0.14635416666666667 0.02578125 0.0359375
1 0.87421875 0.9354166666666667 0.023828125 0.035416666666666666
0 0.33046875 0.14375 0.04765625 0.059895833333333336
1 0.18671875 0.019270833333333334 0.03046875 0.03802083333333333
1 0.100390625 0.04375 0.03046875 0.03958333333333333
1 0.758984375 0.8348958333333333 0.0265625 0.0328125
0 0.58125 0.9421875 0.026171875 0.0328125
1 0.6609375 0.7395833333333334 0.024609375 0.03802083333333333
1 0.50546875 0.446875 0.02890625 0.03802083333333333
0 0.238671875 0.94375 0.020703125 0.022395833333333334
0 0.23671875 0.7328125 0.01640625 0.022916666666666665
1 0.332421875 0.8661458333333333 0.0265625 0.035416666666666666
1 0.57265625 0.4348958333333333 0.037109375 0.03958333333333333
1 0.03984375 0.8755208333333333 0.01875 0.03697916666666667
1 0.477734375 0.7953125 0.02578125 0.034895833333333334
1 0.141796875 0.6994791666666667 0.0296875 0.033854166666666664
1 0.18203125 0.8177083333333334 0.02421875 0.035416666666666666
1 0.280078125 0.7458333333333333 0.065234375 0.08645833333333333
0 0.908203125 0.0390625 0.062890625 0.07760416666666667
1 0.9734375 0.16458333333333333 0.029296875 0.03229166666666667
1 0.8390625 0.44375 0.02734375 0.036458333333333336
1 0.870703125 0.2911458333333333 0.027734375 0.034895833333333334
1 0.753125 0.06510416666666667 0.025 0.024479166666666666
1 0.969140625 0.3697916666666667 0.061328125 0.08385416666666666
1 0.39609375 0.259375 0.025 0.035416666666666666
1 0.074609375 0.2234375 0.062109375 0.07760416666666667
1 0.7078125 0.39427083333333335 0.030859375 0.04010416666666667
1 0.222265625 0.26979166666666665 0.03203125 0.0375
0 0.007421875 0.33177083333333335 0.01484375 0.035416666666666666
0 0.64296875 0.5421875 0.025 0.03125
1 0.80625 0.9645833333333333 0.066796875 0.07083333333333333
0 0.565625 0.6286458333333333 0.026953125 0.034895833333333334
1 0.478515625 0.11458333333333333 0.02890625 0.033854166666666664
1 0.63203125 0.019270833333333334 0.057421875 0.03854166666666667
1 0.5796875 0.11614583333333334 0.023828125 0.0265625
1 0.531640625 0.011458333333333333 0.028515625 0.022395833333333334