1 0.6109375 0.9765625 0.030859375 0.0328125
0 0.280859375 0.71875 0.026171875 0.030208333333333334
1 0.788671875 0.18697916666666667 0.021484375 0.035416666666666666
0 0.673828125 0.12291666666666666 0.02421875 0.0359375
1 0.935546875 0.5286458333333334 0.0265625 0.0375
1 0.26484375 0.40989583333333335 0.025 0.0375
0 0.35625 0.25729166666666664 0.024609375 0.034375
0 0.751171875 0.5234375 0.026171875 0.03229166666666667
1 0.089453125 0.6223958333333334 0.029296875 0.03333333333333333
1 0.205078125 0.321875 0.029296875 0.0375
1 0.05703125 0.2765625 0.030078125 0.033854166666666664
1 0.4859375 0.6859375 0.026171875 0.03958333333333333
1 0.178125 0.14114583333333333 0.02734375 0.0359375
1 0.903125 0.6973958333333333 0.02734375 0.033854166666666664
1 0.6015625 0.5708333333333333 0.025390625 0.040625
0 0.336328125 0.8713541666666667 0.06171875 0.09427083333333333
0 0.168359375 0.8130208333333333 0.0265625 0.0265625
0 0.065625 0.48541666666666666 0.019921875 0.0390625
1 0.567578125 0.40677083333333336 0.0234375 0.035416666666666666
1 0.098046875 0.7421875 0.062890625 0.08072916666666667
0 0.95234375 0.27239583333333334 0.027734375 0.03958333333333333
1 0.473828125 0.18385416666666668 0.027734375 0.036458333333333336
1 0.773046875 0.36875 0.02578125 0.036458333333333336
1 0.4109375 0.9817708333333334 0.02421875 0.036458333333333336
0 0.991796875 0.07083333333333333 0.01640625 0.034375
0 0.720703125 0.721875 0.027734375 0.035416666666666666
1 0.905078125 0.821875 0.026953125 0.040625
0 0.473046875 0.07604166666666666 0.028125 0.03697916666666667
1 0.715625 0.965625 0.021875 0.03958333333333333
0 0.78203125 0.0140625 0.025 0.028125
1 0.607421875 0.8395833333333333 0.02734375 0.034375
1 0.289453125 0.596875 0.02578125 0.033854166666666664
1 0.3828125 0.396875 0.059765625 0.08854166666666667