1 0.60625 0.4510416666666667 0.023828125 0.0328125
1 0.499609375 0.16354166666666667 0.024609375 0.026041666666666668
1 0.022265625 0.0625 0.03125 0.036458333333333336
1 0.20234375 0.5140625 0.056640625 0.07916666666666666
1 0.13359375 0.1640625 0.031640625 0.036458333333333336
0 0.64765625 0.115625 0.023828125 0.027604166666666666
1 0.132421875 0.9526041666666667 0.0703125 0.08385416666666666
1 0.454296875 0.13333333333333333 0.0640625 0.09166666666666666
1 0.5828125 0.31875 0.06640625 0.084375
1 0.31171875 0.33645833333333336 0.026953125 0.04010416666666667
1 0.07734375 0.34427083333333336 0.068359375 0.0859375
0 0.9453125 0.9848958333333333 0.03359375 0.030208333333333334
0 0.07421875 0.6432291666666666 0.057421875 0.0921875
1 0.7453125 0.9145833333333333 0.069140625 0.09010416666666667
1 0.596484375 0.05572916666666667 0.02421875 0.033854166666666664
1 0.939453125 0.5822916666666667 0.02578125 0.033854166666666664
0 0.358984375 0.5776041666666667 0.04765625 0.0765625
0 0.344921875 0.11145833333333334 0.0171875 0.017708333333333333
0 0.4296875 0.403125 0.030859375 0.03854166666666667
1 0.22109375 0.034895833333333334 0.05703125 0.06979166666666667
1 0.94140625 0.7885416666666667 0.0640625 0.08802083333333334
1 0.75 0.1578125 0.063671875 0.0875
1 0.877734375 0.28958333333333336 0.067578125 0.09270833333333334
1 0.940234375 0.95 0.034375 0.03854166666666667
1 0.671484375 0.7166666666666667 0.029296875 0.03125
1 0.969140625 0.04479166666666667 0.061328125 0.08645833333333333
1 0.657421875 0.5625 0.054296875 0.07395833333333333
1 0.3125 0.07083333333333333 0.02890625 0.034375
1 0.809765625 0.18177083333333333 0.0234375 0.03125
1 0.189453125 0.3765625 0.026171875 0.03854166666666667
1 0.28984375 0.15625 0.02578125 0.0375
1 0.54140625 0.7515625 0.027734375 0.041666666666666664
1 0.96484375 0.18229166666666666 0.02421875 0.035416666666666666
0 0.809375 0.45416666666666666 0.029296875 0.03177083333333333
0 0.192578125 0.22083333333333333 0.013671875 0.016145833333333335
1 0.28671875 0.8244791666666667 0.02890625 0.04010416666666667
1 0.69453125 0.2859375 0.02578125 0.03333333333333333
1 0.779296875 0.6682291666666667 0.02578125 0.0375
1 0.60859375 0.9604166666666667 0.029296875 0.036458333333333336
1 0.433203125 0.640625 0.02578125 0.034375
1 0.0390625 0.8145833333333333 0.0265625 0.028645833333333332
1 0.42734375 0.24479166666666666 0.025390625 0.034375
0 0.030859375 0.2520833333333333 0.02421875 0.03229166666666667
1 0.206640625 0.08072916666666667 0.01328125 0.029166666666666667
1 0.7859375 0.8302083333333333 0.02265625 0.034375
1 0.335546875 0.6828125 0.023046875 0.03125
0 0.4265625 0.21041666666666667 0.026171875 0.023958333333333335
0 0.43125 0.8697916666666666 0.026953125 0.03854166666666667
1 0.407421875 0.033854166666666664 0.026171875 0.03333333333333333
0 0.35390625 0.49375 0.02265625 0.03177083333333333
0 0.443359375 0.9822916666666667 0.02734375 0.034895833333333334
0 0.857421875 0.07083333333333333 0.023828125 0.030208333333333334
1 0.016015625 0.5057291666666667 0.030078125 0.03177083333333333
1 0.1625 0.7130208333333333 0.02265625 0.028645833333333332