1 0.56328125 0.47708333333333336 0.030859375 0.03854166666666667
0 0.35703125 0.3890625 0.058203125 0.0890625
0 0.022265625 0.058854166666666666 0.021875 0.03854166666666667
1 0.5078125 0.2171875 0.02734375 0.03958333333333333
1 0.30078125 0.016666666666666666 0.0265625 0.03333333333333333
1 0.399609375 0.008333333333333333 0.04296875 0.016666666666666666
1 0.9765625 0.7307291666666667 0.008203125 0.019791666666666666
1 0.928125 0.6020833333333333 0.025390625 0.0390625
1 0.734375 0.24479166666666666 0.040234375 0.09375
1 0.94375 0.21875 0.020703125 0.028125
1 0.9203125 0.1046875 0.023046875 0.041666666666666664
1 0.871484375 0.5677083333333334 0.02109375 0.0359375
1 0.95703125 0.6677083333333333 0.019140625 0.025520833333333333
1 0.91015625 0.7536458333333333 0.027734375 0.03802083333333333
1 0.91875 0.3723958333333333 0.024609375 0.0453125
1 0.274609375 0.16822916666666668 0.021875 0.035416666666666666
1 0.380078125 0.21510416666666668 0.029296875 0.03802083333333333
1 0.653515625 0.12760416666666666 0.02578125 0.0390625
1 0.71953125 0.5645833333333333 0.058203125 0.08854166666666667
1 0.169921875 0.16666666666666666 0.0546875 0.08645833333333333
1 0.64140625 0.578125 0.024609375 0.035416666666666666
1 0.5546875 0.39479166666666665 0.028125 0.034375
1 0.970703125 0.0234375 0.026171875 0.0390625
1 0.8515625 0.36770833333333336 0.02421875 0.04375
1 0.915234375 0.5895833333333333 0.019921875 0.028645833333333332
0 0.652734375 0.33541666666666664 0.02578125 0.03177083333333333
1 0.88359375 0.8197916666666667 0.023046875 0.028125
1 0.595703125 0.008333333333333333 0.030078125 0.016145833333333335
1 0.936328125 0.346875 0.031640625 0.03697916666666667
1 0.809765625 0.1484375 0.033203125 0.0359375
1 0.120703125 0.019791666666666666 0.0234375 0.0359375
1 0.898828125 0.9572916666666667 0.02734375 0.03854166666666667
1 0.89140625 0.96875 0.03046875 0.028125
1 0.621484375 0.88125 0.02109375 0.0328125
1 0.73671875 0.9213541666666667 0.026953125 0.04010416666666667
1 0.81640625 0.7536458333333333 0.029296875 0.036458333333333336
1 0.527734375 0.778125 0.059765625 0.0796875
1 0.631640625 0.7010416666666667 0.02578125 0.040625
1 0.72109375 0.6765625 0.02109375 0.03125
1 0.387890625 0.9828125 0.026171875 0.029166666666666667
1 0.040625 0.8213541666666667 0.026171875 0.034895833333333334
1 0.344140625 0.9739583333333334 0.0203125 0.034895833333333334
1 0.32578125 0.6114583333333333 0.03046875 0.03854166666666667
1 0.4453125 0.5822916666666667 0.028125 0.0359375
1 0.016796875 0.9776041666666667 0.023828125 0.033854166666666664
0 0.201953125 0.8161458333333333 0.061328125 0.0921875
1 0.143359375 0.9083333333333333 0.018359375 0.024479166666666666
0 0.35546875 0.7947916666666667 0.022265625 0.03229166666666667
1 0.1875 0.6395833333333333 0.021875 0.03802083333333333
1 0.065625 0.46979166666666666 0.059375 0.0828125
0 0.04140625 0.6864583333333333 0.0265625 0.03854166666666667
1 0.174609375 0.38958333333333334 0.016796875 0.033854166666666664
1 0.0359375 0.2890625 0.0203125 0.0359375
1 0.753125 0.4078125 0.031640625 0.030729166666666665