1 0.268359375 0.446875 0.026171875 0.030208333333333334
1 0.04453125 0.41458333333333336 0.06328125 0.08385416666666666
0 0.2765625 0.30625 0.038671875 0.04583333333333333
1 0.5203125 0.43333333333333335 0.05234375 0.07552083333333333
1 0.485546875 0.5942708333333333 0.062890625 0.07604166666666666
1 0.663671875 0.896875 0.026171875 0.033854166666666664
1 0.4203125 0.5098958333333333 0.025390625 0.030729166666666665
1 0.8890625 0.925 0.027734375 0.034895833333333334
1 0.769140625 0.65 0.021875 0.024479166666666666
1 0.991796875 0.8973958333333333 0.016015625 0.065625
1 0.36171875 0.9276041666666667 0.062109375 0.07447916666666667
1 0.370703125 0.40260416666666665 0.06328125 0.07916666666666666
1 0.195703125 0.0984375 0.03125 0.0375
1 0.9796875 0.7 0.021875 0.03333333333333333
1 0.817578125 0.35989583333333336 0.059375 0.06875
1 0.023828125 0.2552083333333333 0.028125 0.03697916666666667
1 0.43984375 0.2677083333333333 0.02265625 0.030208333333333334
1 0.87890625 0.325 0.023828125 0.026041666666666668
0 0.22734375 0.03177083333333333 0.019921875 0.025520833333333333
1 0.623046875 0.7526041666666666 0.0265625 0.034895833333333334
1 0.186328125 0.3614583333333333 0.040234375 0.041666666666666664
1 0.237109375 0.6369791666666667 0.028125 0.03333333333333333
0 0.01015625 0.051041666666666666 0.0203125 0.029166666666666667
1 0.112109375 0.4895833333333333 0.028125 0.033854166666666664
0 0.298828125 0.7109375 0.02578125 0.03854166666666667
1 0.3375 0.853125 0.02265625 0.028125
1 0.320703125 0.5328125 0.02421875 0.03854166666666667
1 0.773046875 0.25885416666666666 0.0234375 0.033854166666666664
0 0.79140625 0.13125 0.02421875 0.030729166666666665
1 0.876953125 0.19739583333333333 0.0234375 0.026041666666666668
1 0.410546875 0.12239583333333333 0.02578125 0.024479166666666666
1 0.681640625 0.5208333333333334 0.021484375 0.034895833333333334
0 0.67890625 0.65 0.064453125 0.07708333333333334
1 0.3421875 0.075 0.028125 0.033854166666666664
1 0.130078125 0.0859375 0.026953125 0.03697916666666667
1 0.68984375 0.4421875 0.059375 0.071875
1 0.609375 0.43697916666666664 0.02578125 0.03125
1 0.81796875 0.521875 0.0265625 0.04114583333333333
1 0.51328125 0.33489583333333334 0.023046875 0.033854166666666664
0 0.32265625 0.17083333333333334 0.024609375 0.030208333333333334
1 0.0625 0.9114583333333334 0.02734375 0.03697916666666667
1 0.11953125 0.8244791666666667 0.0265625 0.03125
1 0.339453125 0.19895833333333332 0.010546875 0.013541666666666667
0 0.631640625 0.22135416666666666 0.02578125 0.027604166666666666
1 0.515234375 0.6854166666666667 0.025 0.03229166666666667
1 0.506640625 0.8145833333333333 0.026953125 0.03802083333333333
1 0.38125 0.6369791666666667 0.028515625 0.035416666666666666
0 0.692578125 0.09583333333333334 0.05390625 0.0703125
1 0.75 0.378125 0.02265625 0.023958333333333335
1 0.2453125 0.796875 0.028125 0.03177083333333333
1 0.5359375 0.2640625 0.05625 0.075
1 0.210546875 0.49166666666666664 0.021875 0.03229166666666667
1 0.849609375 0.23229166666666667 0.030078125 0.022916666666666665
1 0.66796875 0.340625 0.023046875 0.030208333333333334
0 0.7203125 0.21666666666666667 0.0609375 0.05260416666666667
1 0.227734375 0.49583333333333335 0.01875 0.028125
1 0.46015625 0.8833333333333333 0.02734375 0.03333333333333333
1 0.988671875 0.20833333333333334 0.02265625 0.0328125
1 0.075390625 0.21458333333333332 0.028125 0.034375
1 0.01484375 0.5703125 0.027734375 0.03333333333333333
1 0.37890625 0.7317708333333334 0.0234375 0.0375
0 0.655859375 0.14583333333333334 0.0265625 0.0265625
1 0.059375 0.6770833333333334 0.05859375 0.0734375
1 0.136328125 0.6088541666666667 0.026953125 0.035416666666666666
1 0.1921875 0.8651041666666667 0.06328125 0.07708333333333334
1 0.58828125 0.5489583333333333 0.025390625 0.0375
1 0.244921875 0.9776041666666667 0.023828125 0.033854166666666664
1 0.184375 0.46510416666666665 0.024609375 0.035416666666666666
1 0.071484375 0.0203125 0.026953125 0.03333333333333333
1 0.20546875 0.22239583333333332 0.023828125 0.030208333333333334
0 0.56953125 0.11354166666666667 0.030859375 0.023958333333333335
1 0.80234375 0.9536458333333333 0.0296875 0.033854166666666664
1 0.049609375 0.8130208333333333 0.02265625 0.028645833333333332