1 0.9921875 0.2916666666666667 0.015234375 0.04479166666666667
0 0.462890625 0.8932291666666666 0.019921875 0.030729166666666665
0 0.029296875 0.31927083333333334 0.021875 0.034375
1 0.36484375 0.9276041666666667 0.026171875 0.025
0 0.31484375 0.5505208333333333 0.026953125 0.03229166666666667
1 0.768359375 0.7458333333333333 0.0234375 0.033854166666666664
1 0.710546875 0.11822916666666666 0.065625 0.0875
1 0.13671875 0.6119791666666666 0.03359375 0.03854166666666667
1 0.42265625 0.4588541666666667 0.026171875 0.0359375
1 0.592578125 0.16927083333333334 0.025 0.03802083333333333
1 0.725 0.5166666666666667 0.026953125 0.03802083333333333
1 0.864453125 0.3885416666666667 0.027734375 0.04114583333333333
1 0.319140625 0.47239583333333335 0.029296875 0.0390625
1 0.45078125 0.47239583333333335 0.025 0.03125
1 0.76796875 0.27395833333333336 0.0296875 0.034375
1 0.263671875 0.19635416666666666 0.02578125 0.03802083333333333
1 0.675 0.41458333333333336 0.026953125 0.042708333333333334
1 0.933984375 0.2 0.02421875 0.034375
1 0.800390625 0.34270833333333334 0.021875 0.030208333333333334
1 0.006640625 0.30833333333333335 0.01328125 0.033854166666666664
1 0.94609375 0.07916666666666666 0.029296875 0.04010416666666667
1 0.523046875 0.48020833333333335 0.0234375 0.03125
0 0.915625 0.1890625 0.014453125 0.03125
1 0.423828125 0.15364583333333334 0.028125 0.03125
1 0.31171875 0.4088541666666667 0.033203125 0.03229166666666667
1 0.329296875 0.015104166666666667 0.02734375 0.0296875
1 0.633203125 0.5072916666666667 0.021484375 0.030208333333333334
1 0.111328125 0.0640625 0.06875 0.09270833333333334
1 0.440234375 0.25677083333333334 0.069140625 0.08854166666666667
0 0.22578125 0.36041666666666666 0.029296875 0.0390625
1 0.100390625 0.21927083333333333 0.030078125 0.03697916666666667
1 0.141015625 0.43333333333333335 0.051171875 0.0390625
0 0.1765625 0.3333333333333333 0.025390625 0.03125
1 0.78984375 0.6505208333333333 0.0234375 0.03333333333333333
0 0.734375 0.6796875 0.021875 0.025
0 0.7140625 0.6328125 0.021875 0.0375
1 0.7046875 0.5697916666666667 0.032421875 0.036458333333333336
1 0.72265625 0.5734375 0.021875 0.033854166666666664
0 0.75546875 0.8588541666666667 0.053515625 0.11458333333333333
1 0.99140625 0.8723958333333334 0.0171875 0.028125
1 0.81171875 0.6255208333333333 0.026171875 0.0328125
1 0.88359375 0.7828125 0.030859375 0.035416666666666666
1 0.609375 0.9109375 0.02890625 0.0375
0 0.131640625 0.7760416666666666 0.025390625 0.030208333333333334
1 0.96484375 0.8244791666666667 0.0234375 0.023958333333333335
0 0.00703125 0.7796875 0.0140625 0.033854166666666664
0 0.19609375 0.8598958333333333 0.065625 0.08802083333333334
1 0.275 0.7854166666666667 0.028515625 0.033854166666666664
1 0.9546875 0.7057291666666666 0.0296875 0.041666666666666664
1 0.569140625 0.7328125 0.02890625 0.04010416666666667
1 0.375390625 0.5395833333333333 0.032421875 0.040625
1 0.324609375 0.6208333333333333 0.026171875 0.033854166666666664
1 0.412890625 0.6921875 0.064453125 0.08489583333333334
1 0.06328125 0.36770833333333336 0.0203125 0.01875
1 0.604296875 0.5151041666666667 0.03515625 0.03802083333333333