1 0.253515625 0.09583333333333334 0.0265625 0.033854166666666664
0 0.5984375 0.10104166666666667 0.01328125 0.011979166666666667
1 0.673046875 0.008854166666666666 0.03203125 0.017708333333333333
1 0.6484375 0.15677083333333333 0.024609375 0.035416666666666666
1 0.8015625 0.6802083333333333 0.0578125 0.07135416666666666
1 0.9890625 0.5427083333333333 0.021875 0.030208333333333334
1 0.92109375 0.31927083333333334 0.02734375 0.029166666666666667
1 0.99453125 0.7859375 0.010546875 0.029166666666666667
1 0.618359375 0.26979166666666665 0.057421875 0.07395833333333333
0 0.31171875 0.7317708333333334 0.023046875 0.027604166666666666
1 0.766015625 0.09427083333333333 0.06015625 0.06927083333333334
1 0.390234375 0.9802083333333333 0.030859375 0.033854166666666664
1 0.4125 0.24791666666666667 0.05859375 0.07552083333333333
1 0.71875 0.24322916666666666 0.024609375 0.034375
1 0.403125 0.8614583333333333 0.05546875 0.06145833333333333
1 0.172265625 0.9166666666666666 0.020703125 0.015625
1 0.068359375 0.6552083333333333 0.028125 0.03333333333333333
1 0.837890625 0.13020833333333334 0.024609375 0.0296875
1 0.219921875 0.9828125 0.02890625 0.028645833333333332
1 0.939453125 0.010416666666666666 0.02265625 0.020833333333333332
1 0.6640625 0.5473958333333333 0.029296875 0.0375
1 0.398046875 0.6786458333333333 0.02421875 0.030729166666666665
1 0.4484375 0.6104166666666667 0.051171875 0.0609375
1 0.224609375 0.609375 0.026953125 0.0296875
1 0.098828125 0.5380208333333333 0.059765625 0.07291666666666667
1 0.80234375 0.2109375 0.026171875 0.0328125
1 0.11953125 0.5890625 0.019140625 0.024479166666666666
1 0.954296875 0.19427083333333334 0.048046875 0.06875
1 0.591015625 0.4557291666666667 0.025 0.03802083333333333
1 0.208203125 0.8098958333333334 0.061328125 0.0671875
1 0.280859375 0.74375 0.021484375 0.030729166666666665
1 0.738671875 0.7369791666666666 0.0234375 0.023958333333333335
1 0.914453125 0.8291666666666667 0.0546875 0.06458333333333334
1 0.71953125 0.85625 0.029296875 0.03229166666666667
0 0.865234375 0.7208333333333333 0.021875 0.027604166666666666
1 0.8390625 0.8255208333333334 0.025390625 0.0296875
1 0.401953125 0.7463541666666667 0.024609375 0.03333333333333333
1 0.919921875 0.5854166666666667 0.030078125 0.027604166666666666
1 0.948046875 0.9302083333333333 0.02734375 0.033854166666666664
1 0.81484375 0.49322916666666666 0.028515625 0.027083333333333334
1 0.762890625 0.9546875 0.060546875 0.04479166666666667
1 0.205078125 0.043229166666666666 0.055859375 0.08072916666666667
1 0.3234375 0.6020833333333333 0.052734375 0.06354166666666666
1 0.1015625 0.03125 0.060546875 0.06197916666666667
1 0.6359375 0.8895833333333333 0.023046875 0.036458333333333336
1 0.503125 0.8197916666666667 0.02578125 0.036458333333333336
1 0.6375 0.825 0.0265625 0.0359375
0 0.038671875 0.9755208333333333 0.02265625 0.036458333333333336
1 0.755078125 0.609375 0.025 0.030208333333333334
1 0.500390625 0.503125 0.02578125 0.034375
1 0.621875 0.6484375 0.05234375 0.06770833333333333
1 0.4171875 0.48333333333333334 0.02890625 0.030729166666666665
1 0.29765625 0.43697916666666664 0.02578125 0.03854166666666667
0 0.01171875 0.8234375 0.0234375 0.033854166666666664
1 0.549609375 0.7203125 0.027734375 0.030208333333333334
1 0.493359375 0.9630208333333333 0.02890625 0.03229166666666667
1 0.314453125 0.9078125 0.026171875 0.027604166666666666
1 0.205078125 0.46979166666666666 0.026953125 0.023958333333333335
1 0.80546875 0.9197916666666667 0.025 0.03125
1 0.547265625 0.9744791666666667 0.02265625 0.022395833333333334
1 0.0890625 0.4359375 0.028125 0.035416666666666666
1 0.05625 0.39375 0.03125 0.034895833333333334
1 0.33671875 0.3411458333333333 0.028125 0.03177083333333333
1 0.73984375 0.35885416666666664 0.026171875 0.03854166666666667
1 0.52734375 0.33958333333333335 0.02890625 0.03802083333333333
1 0.032421875 0.13020833333333334 0.030859375 0.034375
1 0.625 0.3609375 0.025390625 0.03125
1 0.423828125 0.3463541666666667 0.025390625 0.03125
1 0.926953125 0.09791666666666667 0.03125 0.0328125
1 0.98984375 0.41875 0.0203125 0.035416666666666666
1 0.862890625 0.35572916666666665 0.06328125 0.08333333333333333
1 0.723828125 0.5130208333333334 0.02109375 0.024479166666666666
1 0.3375 0.1296875 0.023828125 0.03177083333333333
1 0.027734375 0.25416666666666665 0.05546875 0.08333333333333333
1 0.091796875 0.7739583333333333 0.027734375 0.027083333333333334
1 0.085546875 0.31354166666666666 0.023828125 0.0359375
1 0.122265625 0.625 0.0203125 0.027604166666666666
1 0.165625 0.3692708333333333 0.064453125 0.07864583333333333
1 0.025 0.7109375 0.027734375 0.029166666666666667
0 0.599609375 0.9375 0.0265625 0.024479166666666666
1 0.225 0.3026041666666667 0.02265625 0.0328125
1 0.380859375 0.0359375 0.05546875 0.06666666666666667
1 0.14140625 0.24166666666666667 0.02421875 0.035416666666666666
1 0.140625 0.4875 0.026953125 0.029166666666666667
1 0.154296875 0.16302083333333334 0.0296875 0.035416666666666666
1 0.237890625 0.10260416666666666 0.02265625 0.0328125
1 0.295703125 0.17916666666666667 0.023828125 0.022395833333333334
0 0.309765625 0.059375 0.023046875 0.025520833333333333
1 0.3078125 0.8515625 0.02578125 0.027604166666666666
1 0.993359375 0.9026041666666667 0.01328125 0.03125
1 0.031640625 0.45677083333333335 0.021484375 0.0265625
1 0.246484375 0.19375 0.05625 0.07395833333333333
1 0.576953125 0.071875 0.05703125 0.06666666666666667
1 0.483203125 0.18072916666666666 0.030078125 0.03802083333333333
0 0.423828125 0.209375 0.04296875 0.03854166666666667