1 0.254296875 0.2859375 0.0234375 0.028125
1 0.3265625 0.21302083333333333 0.0265625 0.027083333333333334
1 0.666796875 0.11354166666666667 0.025 0.03229166666666667
1 0.188671875 0.846875 0.0296875 0.036458333333333336
1 0.175390625 0.11927083333333334 0.023046875 0.034375
1 0.39921875 0.11145833333333334 0.021875 0.034375
1 0.241796875 0.030208333333333334 0.054296875 0.06041666666666667
1 0.7046875 0.0203125 0.06171875 0.040625
1 0.472265625 0.09010416666666667 0.02109375 0.030208333333333334
1 0.75 0.1765625 0.03046875 0.030729166666666665
1 0.933984375 0.09895833333333333 0.020703125 0.0265625
1 0.515625 0.008854166666666666 0.025 0.017708333333333333
1 0.9546875 0.24791666666666667 0.0234375 0.017708333333333333
1 0.805859375 0.03177083333333333 0.05234375 0.06354166666666666
1 0.780859375 0.2526041666666667 0.0203125 0.029166666666666667
1 0.797265625 0.22447916666666667 0.009375 0.011979166666666667
0 0.86015625 0.31145833333333334 0.0328125 0.027604166666666666
0 0.809375 0.34270833333333334 0.021484375 0.0296875
0 0.61484375 0.2828125 0.025390625 0.028645833333333332
1 0.5171875 0.171875 0.02109375 0.03177083333333333
1 0.505859375 0.2609375 0.023046875 0.03333333333333333
1 0.579296875 0.1484375 0.060546875 0.07239583333333334
1 0.45859375 0.23958333333333334 0.056640625 0.07135416666666666
1 0.366796875 0.20885416666666667 0.02734375 0.029166666666666667
1 0.23046875 0.184375 0.0203125 0.027604166666666666
1 0.268359375 0.21458333333333332 0.031640625 0.034375
0 0.1703125 0.21822916666666667 0.023046875 0.023958333333333335
1 0.957421875 0.03697916666666667 0.062890625 0.0734375
1 0.901953125 0.4796875 0.01484375 0.028125
1 0.396484375 0.43645833333333334 0.012109375 0.015625
1 0.377734375 0.5302083333333333 0.060546875 0.07135416666666666
1 0.34453125 0.5739583333333333 0.028515625 0.0359375
1 0.416015625 0.6020833333333333 0.024609375 0.036458333333333336
1 0.580078125 0.615625 0.02578125 0.027604166666666666
1 0.63828125 0.6380208333333334 0.025 0.024479166666666666
1 0.776171875 0.6546875 0.026171875 0.034895833333333334
1 0.9578125 0.59375 0.01484375 0.021875
1 0.9640625 0.6552083333333333 0.01875 0.030208333333333334
1 0.940625 0.6447916666666667 0.02421875 0.0359375
0 0.923046875 0.7546875 0.05703125 0.059895833333333336
1 0.95234375 0.8484375 0.0234375 0.025
1 0.841015625 0.8078125 0.0265625 0.029166666666666667
0 0.7046875 0.8104166666666667 0.025 0.030729166666666665
0 0.6859375 0.7104166666666667 0.062890625 0.059375
1 0.600390625 0.7890625 0.026171875 0.0328125
1 0.52890625 0.6916666666666667 0.056640625 0.06458333333333334
0 0.86875 0.19635416666666666 0.040234375 0.053125
1 0.384765625 0.7765625 0.058984375 0.07447916666666667
1 0.44921875 0.7442708333333333 0.022265625 0.03333333333333333
1 0.305859375 0.7932291666666667 0.023046875 0.03697916666666667
0 0.237109375 0.809375 0.0234375 0.030208333333333334
1 0.29453125 0.7869791666666667 0.023828125 0.028645833333333332
0 0.308203125 0.6703125 0.02421875 0.028645833333333332
1 0.2796875 0.69375 0.01171875 0.019791666666666666
1 0.20625 0.6010416666666667 0.02734375 0.0375
0 0.131640625 0.5427083333333333 0.025390625 0.034375
0 0.117578125 0.6619791666666667 0.026953125 0.03177083333333333
0 0.015234375 0.6447916666666667 0.025390625 0.036458333333333336
1 0.0859375 0.7734375 0.023828125 0.034895833333333334
0 0.282421875 0.8838541666666667 0.0359375 0.04114583333333333
1 0.02421875 0.8921875 0.03203125 0.034895833333333334
1 0.2703125 0.9880208333333333 0.052734375 0.0234375
0 0.416015625 0.9119791666666667 0.0265625 0.03333333333333333
1 0.53046875 0.8822916666666667 0.055859375 0.07552083333333333
1 0.03046875 0.1390625 0.02890625 0.04635416666666667
1 0.125390625 0.14427083333333332 0.025390625 0.034895833333333334
1 0.38046875 0.014583333333333334 0.054296875 0.028645833333333332
0 0.64375 0.903125 0.032421875 0.04479166666666667
1 0.301171875 0.07239583333333334 0.026171875 0.028645833333333332
1 0.70703125 0.9817708333333334 0.0546875 0.036458333333333336
1 0.748828125 0.9666666666666667 0.022265625 0.030208333333333334
1 0.173046875 0.005208333333333333 0.01953125 0.009895833333333333
0 0.494140625 0.971875 0.026953125 0.03229166666666667
1 0.79296875 0.9635416666666666 0.023828125 0.024479166666666666
0 0.775 0.8786458333333333 0.05546875 0.07083333333333333
1 0.896484375 0.9255208333333333 0.028125 0.028125
1 0.976953125 0.9484375 0.04609375 0.08229166666666667