1 0.73046875 0.4401041666666667 0.027734375 0.0328125
1 0.862109375 0.06979166666666667 0.022265625 0.029166666666666667
1 0.448828125 0.6677083333333333 0.028125 0.03697916666666667
1 0.23125 0.3296875 0.027734375 0.03229166666666667
1 0.613671875 0.2515625 0.028125 0.03697916666666667
1 0.808984375 0.025 0.0234375 0.03802083333333333
1 0.491796875 0.04635416666666667 0.029296875 0.040625
1 0.328125 0.36302083333333335 0.026953125 0.040625
1 0.4796875 0.23229166666666667 0.02890625 0.04010416666666667
0 0.233984375 0.9630208333333333 0.0296875 0.042708333333333334
1 0.0484375 0.528125 0.030859375 0.034375
1 0.28359375 0.5473958333333333 0.03125 0.04479166666666667
1 0.862890625 0.26875 0.066015625 0.08385416666666666
1 0.081640625 0.5973958333333333 0.022265625 0.028645833333333332
1 0.03828125 0.059895833333333336 0.0625 0.07864583333333333
1 0.424609375 0.9041666666666667 0.023828125 0.03697916666666667
1 0.849609375 0.415625 0.027734375 0.025520833333333333
1 0.21875 0.12916666666666668 0.02578125 0.03333333333333333
1 0.066796875 0.9078125 0.0265625 0.03697916666666667
1 0.012109375 0.3703125 0.02421875 0.084375
1 0.147265625 0.64375 0.027734375 0.04114583333333333
1 0.94296875 0.33125 0.02421875 0.034375
0 0.96640625 0.8276041666666667 0.0671875 0.09270833333333334
0 0.519921875 0.8401041666666667 0.06015625 0.0859375
1 0.090625 0.8817708333333333 0.026171875 0.03333333333333333
1 0.198828125 0.44427083333333334 0.011328125 0.027604166666666666
1 0.765625 0.6265625 0.026953125 0.03177083333333333
1 0.717578125 0.18697916666666667 0.021875 0.03177083333333333
1 0.6875 0.0609375 0.029296875 0.028645833333333332
1 0.01015625 0.9380208333333333 0.019921875 0.025520833333333333
1 0.74609375 0.16666666666666666 0.026171875 0.0359375
1 0.35859375 0.16145833333333334 0.0234375 0.028645833333333332
1 0.82890625 0.6390625 0.065234375 0.08489583333333334
0 0.901171875 0.7666666666666667 0.02109375 0.0375
1 0.109375 0.21770833333333334 0.027734375 0.03697916666666667
1 0.665625 0.65625 0.028515625 0.03333333333333333
1 0.559375 0.5020833333333333 0.06328125 0.08125
1 0.875390625 0.9911458333333333 0.02734375 0.017708333333333333
1 0.956640625 0.9307291666666667 0.016796875 0.022395833333333334
1 0.291796875 0.18489583333333334 0.0671875 0.0875
0 0.9859375 0.6796875 0.0265625 0.029166666666666667
1 0.12578125 0.07083333333333333 0.02578125 0.034375
1 0.471484375 0.3609375 0.030078125 0.0359375
1 0.90546875 0.1359375 0.026953125 0.03854166666666667
1 0.008203125 0.7713541666666667 0.016015625 0.03958333333333333
1 0.7421875 0.8729166666666667 0.03046875 0.03854166666666667
1 0.353125 0.703125 0.0265625 0.03958333333333333
1 0.21796875 0.45364583333333336 0.02421875 0.034895833333333334