0 0.690234375 0.96875 0.022265625 0.028125
1 0.244140625 0.18958333333333333 0.02578125 0.0421875
1 0.359765625 0.0875 0.02421875 0.033854166666666664
1 0.272265625 0.6375 0.065234375 0.09166666666666666
1 0.00625 0.5958333333333333 0.0125 0.03333333333333333
1 0.10078125 0.3302083333333333 0.03125 0.03177083333333333
1 0.42890625 0.621875 0.029296875 0.03854166666666667
0 0.839453125 0.1078125 0.022265625 0.03125
1 0.084375 0.05 0.027734375 0.03229166666666667
1 0.93671875 0.030208333333333334 0.062890625 0.059895833333333336
1 0.778515625 0.29583333333333334 0.0234375 0.0296875
1 0.494921875 0.4734375 0.028515625 0.03697916666666667
1 0.656640625 0.30885416666666665 0.030078125 0.03958333333333333
1 0.8359375 0.6447916666666667 0.0640625 0.08645833333333333
0 0.058984375 0.4453125 0.0265625 0.03333333333333333
1 0.590625 0.6546875 0.02421875 0.03333333333333333
0 0.162890625 0.051041666666666666 0.01328125 0.0171875
1 0.917578125 0.6270833333333333 0.02109375 0.03802083333333333
1 0.597265625 0.5192708333333333 0.06484375 0.0828125
1 0.50390625 0.23958333333333334 0.025390625 0.029166666666666667
1 0.77734375 0.37552083333333336 0.02421875 0.03125
0 0.005859375 0.2203125 0.01171875 0.03229166666666667
0 0.98984375 0.353125 0.0203125 0.023958333333333335
1 0.9125 0.4557291666666667 0.02578125 0.03177083333333333
0 0.651171875 0.026041666666666668 0.01875 0.036458333333333336
0 0.31640625 0.253125 0.02109375 0.03125
1 0.362109375 0.4234375 0.02578125 0.027604166666666666
1 0.644921875 0.17395833333333333 0.0234375 0.035416666666666666
1 0.81328125 0.4270833333333333 0.062890625 0.084375
1 0.43828125 0.15052083333333333 0.02734375 0.03125
1 0.731640625 0.5473958333333333 0.026171875 0.034895833333333334
1 0.183203125 0.6239583333333333 0.027734375 0.0328125
1 0.68203125 0.7020833333333333 0.06328125 0.08177083333333333
1 0.0984375 0.5104166666666666 0.026953125 0.040625
1 0.13046875 0.7411458333333333 0.0265625 0.042708333333333334
1 0.24296875 0.9338541666666667 0.0265625 0.0328125
1 0.738671875 0.0609375 0.065234375 0.09166666666666666
1 0.419921875 0.378125 0.066015625 0.08177083333333333
1 0.32578125 0.5822916666666667 0.024609375 0.028125
0 0.45625 0.9489583333333333 0.022265625 0.0328125
1 0.0203125 0.803125 0.026171875 0.030729166666666665
1 0.991796875 0.10520833333333333 0.01640625 0.029166666666666667
1 0.430859375 0.9541666666666667 0.024609375 0.033854166666666664
1 0.14765625 0.9703125 0.028515625 0.034375
1 0.494921875 0.8270833333333333 0.066796875 0.09010416666666667
1 0.0546875 0.9307291666666667 0.057421875 0.07864583333333333
1 0.153515625 0.24635416666666668 0.025 0.0390625
1 0.328125 0.8177083333333334 0.02890625 0.040625
1 0.040234375 0.9822916666666667 0.012890625 0.030729166666666665
1 0.580859375 0.11197916666666667 0.065234375 0.08177083333333333
1 0.825 0.809375 0.023828125 0.03229166666666667
1 0.959765625 0.8979166666666667 0.06171875 0.09166666666666666
1 0.433203125 0.8041666666666667 0.0234375 0.0296875
1 0.803515625 0.9447916666666667 0.066796875 0.08645833333333333
1 0.108203125 0.8640625 0.022265625 0.030729166666666665
1 0.167578125 0.81875 0.02890625 0.033854166666666664
1 0.60546875 0.8557291666666667 0.02734375 0.034375
1 0.2359375 0.4239583333333333 0.028515625 0.035416666666666666
1 0.02578125 0.6229166666666667 0.0234375 0.03177083333333333
1 0.844140625 0.8979166666666667 0.01796875 0.029166666666666667