0 0.78828125 0.5125 0.023046875 0.0265625
1 0.430078125 0.1796875 0.02109375 0.03125
1 0.145703125 0.19114583333333332 0.059765625 0.08125
0 0.67109375 0.15572916666666667 0.021875 0.030729166666666665
0 0.71953125 0.47708333333333336 0.059375 0.07916666666666666
1 0.73984375 0.1734375 0.0234375 0.0296875
1 0.4078125 0.027604166666666666 0.021875 0.03333333333333333
0 0.620703125 0.0578125 0.028515625 0.0484375
1 0.798828125 0.08802083333333334 0.026171875 0.03854166666666667
1 0.28984375 0.0265625 0.027734375 0.040625
1 0.863671875 0.11875 0.07109375 0.09375
1 0.53984375 0.16302083333333334 0.050390625 0.06927083333333334
0 0.21640625 0.8125 0.033203125 0.04479166666666667
1 0.2421875 0.9395833333333333 0.06484375 0.08385416666666666
0 0.434765625 0.9760416666666667 0.03046875 0.0390625
1 0.7671875 0.8291666666666667 0.03046875 0.03229166666666667
1 0.558203125 0.3692708333333333 0.01171875 0.008854166666666666
0 0.64140625 0.7557291666666667 0.023046875 0.03229166666666667
1 0.3015625 0.796875 0.03046875 0.0375
0 0.72578125 0.2875 0.021875 0.028645833333333332
1 0.521484375 0.9265625 0.028515625 0.03854166666666667
1 0.130859375 0.5307291666666667 0.0265625 0.029166666666666667
1 0.021484375 0.9239583333333333 0.033203125 0.0375
1 0.206640625 0.340625 0.0265625 0.033854166666666664
1 0.4609375 0.5682291666666667 0.024609375 0.033854166666666664
0 0.6125 0.34791666666666665 0.01328125 0.0296875
1 0.896484375 0.2609375 0.03125 0.03958333333333333
0 0.992578125 0.8442708333333333 0.01484375 0.0234375
0 0.273046875 0.15625 0.02734375 0.0296875
1 0.30859375 0.13229166666666667 0.02421875 0.034895833333333334
1 0.7578125 0.8052083333333333 0.019921875 0.026041666666666668
0 0.89921875 0.6708333333333333 0.064453125 0.08385416666666666
1 0.301171875 0.5598958333333334 0.02734375 0.0359375
1 0.77734375 0.7760416666666666 0.02578125 0.03958333333333333
1 0.398828125 0.8614583333333333 0.028515625 0.043229166666666666
0 0.827734375 0.3463541666666667 0.061328125 0.084375
1 0.023046875 0.4588541666666667 0.02890625 0.04010416666666667
1 0.466015625 0.459375 0.061328125 0.08020833333333334
0 0.975390625 0.07552083333333333 0.024609375 0.035416666666666666
1 0.9359375 0.45677083333333335 0.025390625 0.035416666666666666
1 0.154296875 0.5859375 0.064453125 0.08541666666666667
0 0.051171875 0.8026041666666667 0.030078125 0.0453125
0 0.4390625 0.7098958333333333 0.033203125 0.03958333333333333
1 0.629296875 0.34791666666666665 0.021875 0.0265625
1 0.089453125 0.2984375 0.0234375 0.027083333333333334
0 0.432421875 0.3796875 0.026953125 0.024479166666666666
0 0.53203125 0.3046875 0.028125 0.036458333333333336
0 0.346875 0.39791666666666664 0.025390625 0.03177083333333333
0 0.9109375 0.36666666666666664 0.026953125 0.033854166666666664
1 0.3671875 0.24010416666666667 0.03828125 0.050520833333333334
0 0.908984375 0.8552083333333333 0.0171875 0.026041666666666668
1 0.982421875 0.24166666666666667 0.034765625 0.07604166666666666
1 0.75234375 0.6510416666666666 0.03125 0.028645833333333332
0 0.75078125 0.6286458333333333 0.028515625 0.019791666666666666