0 0.07890625 0.8078125 0.065234375 0.08802083333333334
0 0.090625 0.033854166666666664 0.021484375 0.025
0 0.20234375 0.12552083333333333 0.030859375 0.0234375
1 0.052734375 0.04895833333333333 0.030859375 0.034375
0 0.255078125 0.011979166666666667 0.025 0.023958333333333335
1 0.510546875 0.6588541666666666 0.02734375 0.03333333333333333
0 0.20078125 0.6697916666666667 0.0125 0.024479166666666666
1 0.725 0.11666666666666667 0.032421875 0.042708333333333334
1 0.996484375 0.903125 0.00703125 0.027083333333333334
1 0.46015625 0.29322916666666665 0.02578125 0.0375
1 0.36640625 0.43072916666666666 0.030859375 0.033854166666666664
1 0.825 0.26614583333333336 0.026953125 0.044270833333333336
1 0.4484375 0.4890625 0.02890625 0.0375
1 0.67265625 0.4942708333333333 0.024609375 0.0296875
1 0.35546875 0.03229166666666667 0.0265625 0.028125
1 0.64765625 0.42239583333333336 0.031640625 0.035416666666666666
1 0.9015625 0.2015625 0.00859375 0.011458333333333333
1 0.929296875 0.1875 0.032421875 0.0390625
1 0.905859375 0.12708333333333333 0.012109375 0.01875
1 0.877734375 0.5869791666666667 0.028125 0.035416666666666666
1 0.111328125 0.3734375 0.03203125 0.043229166666666666
1 0.488671875 0.4078125 0.033203125 0.036458333333333336
1 0.528515625 0.4609375 0.03046875 0.04010416666666667
1 0.925 0.8416666666666667 0.026171875 0.03125
1 0.7328125 0.8838541666666667 0.028125 0.033854166666666664
1 0.587109375 0.8375 0.026171875 0.03802083333333333
1 0.70625 0.6671875 0.0625 0.08541666666666667
1 0.834765625 0.9567708333333333 0.070703125 0.0859375
1 0.319921875 0.7588541666666667 0.023828125 0.03177083333333333
0 0.231640625 0.7520833333333333 0.026953125 0.034895833333333334
1 0.273046875 0.8208333333333333 0.0265625 0.034895833333333334
1 0.572265625 0.0984375 0.025390625 0.03125
1 0.4453125 0.008333333333333333 0.023046875 0.016145833333333335
1 0.84609375 0.04739583333333333 0.025390625 0.025
1 0.815625 0.5109375 0.012890625 0.020833333333333332
1 0.2859375 0.16927083333333334 0.025390625 0.035416666666666666
1 0.1203125 0.55625 0.02734375 0.0421875
1 0.204296875 0.43854166666666666 0.0296875 0.034375
1 0.406640625 0.4557291666666667 0.0296875 0.033854166666666664
1 0.25625 0.43125 0.029296875 0.035416666666666666
1 0.82578125 0.17135416666666667 0.023046875 0.0328125
1 0.5703125 0.17135416666666667 0.0296875 0.03802083333333333
1 0.66328125 0.1890625 0.02734375 0.019791666666666666
1 0.7390625 0.13958333333333334 0.02890625 0.03125
1 0.95 0.2453125 0.02890625 0.041666666666666664
1 0.9109375 0.5151041666666667 0.032421875 0.042708333333333334
1 0.5921875 0.08020833333333334 0.024609375 0.034895833333333334
1 0.425 0.1125 0.012109375 0.022395833333333334
1 0.18984375 0.18541666666666667 0.026171875 0.03229166666666667
0 0.378125 0.8182291666666667 0.023828125 0.03697916666666667
1 0.66484375 0.12552083333333333 0.034765625 0.03802083333333333
1 0.7421875 0.38229166666666664 0.027734375 0.035416666666666666
1 0.277734375 0.2708333333333333 0.02890625 0.035416666666666666
1 0.75390625 0.4713541666666667 0.033984375 0.043229166666666666
1 0.530859375 0.07291666666666667 0.025 0.03854166666666667
1 0.3171875 0.6354166666666666 0.02890625 0.03802083333333333
1 0.04375 0.44895833333333335 0.026953125 0.033854166666666664
1 0.5875 0.19166666666666668 0.02421875 0.03333333333333333
1 0.323046875 0.9177083333333333 0.02578125 0.035416666666666666
1 0.47421875 0.028125 0.025390625 0.03802083333333333
1 0.63515625 0.5 0.025390625 0.0296875
1 0.643359375 0.22552083333333334 0.029296875 0.03802083333333333
1 0.3859375 0.20677083333333332 0.036328125 0.04375
1 0.33671875 0.1828125 0.03359375 0.030208333333333334
1 0.403515625 0.1953125 0.03359375 0.03802083333333333
1 0.471875 0.19895833333333332 0.025 0.03333333333333333
1 0.62109375 0.2421875 0.0296875 0.0359375
0 0.348046875 0.16145833333333334 0.023828125 0.028645833333333332
1 0.092578125 0.18229166666666666 0.029296875 0.03802083333333333
1 0.06640625 0.18802083333333333 0.02734375 0.0328125
1 0.05546875 0.17395833333333333 0.030078125 0.028645833333333332
1 0.233984375 0.18958333333333333 0.02578125 0.035416666666666666
1 0.756640625 0.35572916666666665 0.033984375 0.028645833333333332
0 0.4984375 0.1875 0.030078125 0.040625
0 0.525 0.19010416666666666 0.02890625 0.04114583333333333
0 0.7625 0.20885416666666667 0.021484375 0.0296875
1 0.246484375 0.3182291666666667 0.02109375 0.03125
1 0.51640625 0.9395833333333333 0.06953125 0.0890625
1 0.38125 0.08125 0.026171875 0.03854166666666667
1 0.51640625 0.50625 0.0234375 0.036458333333333336