1 0.054296875 0.8166666666666667 0.024609375 0.03229166666666667
1 0.66640625 0.022916666666666665 0.025 0.0328125
1 0.7515625 0.890625 0.02734375 0.028125
0 0.846875 0.840625 0.063671875 0.06614583333333333
0 0.06171875 0.5817708333333333 0.027734375 0.0328125
1 0.9921875 0.8489583333333334 0.015625 0.05625
1 0.909375 0.328125 0.028125 0.033854166666666664
1 0.8125 0.31302083333333336 0.06171875 0.084375
1 0.74140625 0.5260416666666666 0.065625 0.071875
1 0.084375 0.30833333333333335 0.06640625 0.0703125
1 0.63671875 0.38177083333333334 0.059375 0.0765625
1 0.59921875 0.7369791666666666 0.06640625 0.07395833333333333
1 0.24453125 0.4942708333333333 0.061328125 0.07083333333333333
1 0.065234375 0.6979166666666666 0.02890625 0.03177083333333333
1 0.515625 0.9541666666666667 0.031640625 0.033854166666666664
0 0.726953125 0.25052083333333336 0.021875 0.0203125
0 0.131640625 0.5421875 0.01640625 0.025520833333333333
1 0.169140625 0.3260416666666667 0.024609375 0.028645833333333332
0 0.56796875 0.85 0.021875 0.028125
0 0.342578125 0.45989583333333334 0.02734375 0.026041666666666668
0 0.472265625 0.32864583333333336 0.02734375 0.030208333333333334
1 0.201171875 0.4348958333333333 0.025 0.0296875
1 0.554296875 0.38229166666666664 0.025 0.028645833333333332
1 0.703515625 0.44479166666666664 0.028515625 0.030729166666666665
1 0.88125 0.4895833333333333 0.0265625 0.028125
0 0.083203125 0.4401041666666667 0.026953125 0.029166666666666667
1 0.791015625 0.7453125 0.026953125 0.03125
1 0.62109375 0.9458333333333333 0.0671875 0.08541666666666667
1 0.40078125 0.75 0.0625 0.07552083333333333
1 0.944140625 0.7635416666666667 0.025 0.03177083333333333
0 0.981640625 0.39114583333333336 0.03671875 0.08854166666666667
1 0.423046875 0.8807291666666667 0.06640625 0.0859375
1 0.68046875 0.1171875 0.062109375 0.06770833333333333
1 0.14921875 0.8666666666666667 0.021875 0.028125
1 0.303125 0.8635416666666667 0.028125 0.027083333333333334
1 0.311328125 0.965625 0.026953125 0.03333333333333333
0 0.213671875 0.8682291666666667 0.019921875 0.027083333333333334
1 0.12578125 0.9635416666666666 0.023828125 0.0390625
1 0.271875 0.8177083333333334 0.025 0.027083333333333334
0 0.716015625 0.6296875 0.020703125 0.0296875
1 0.900390625 0.6145833333333334 0.064453125 0.07864583333333333
1 0.236328125 0.2677083333333333 0.062109375 0.0796875
1 0.36640625 0.5734375 0.028515625 0.0296875
1 0.276171875 0.70625 0.0109375 0.0140625
1 0.314453125 0.33229166666666665 0.025 0.033854166666666664
1 0.280859375 0.6953125 0.067578125 0.0625
0 0.4625 0.45364583333333336 0.064453125 0.07395833333333333
1 0.175 0.7598958333333333 0.03125 0.030208333333333334
1 0.61875 0.475 0.025390625 0.034375
0 0.71640625 0.34270833333333334 0.020703125 0.03333333333333333
1 0.309375 0.016666666666666666 0.0265625 0.020833333333333332
1 0.196484375 0.615625 0.03046875 0.03177083333333333
0 0.47890625 0.5244791666666667 0.01953125 0.019791666666666666
1 0.52578125 0.578125 0.069140625 0.08333333333333333
1 0.819921875 0.065625 0.01796875 0.03125
1 0.9796875 0.27239583333333334 0.022265625 0.03125
0 0.168359375 0.18177083333333333 0.015625 0.020833333333333332
1 0.71953125 0.6880208333333333 0.015625 0.01875
0 0.980859375 0.659375 0.0203125 0.025520833333333333
1 0.878125 0.25729166666666664 0.0234375 0.03125
0 0.83125 0.4359375 0.025 0.030729166666666665
1 0.814453125 0.6208333333333333 0.02421875 0.034375
1 0.617578125 0.6166666666666667 0.021484375 0.023958333333333335
1 0.550390625 0.6713541666666667 0.030078125 0.024479166666666666
0 0.391796875 0.6359375 0.02734375 0.028645833333333332
1 0.639453125 0.8369791666666667 0.026171875 0.034375
1 0.544140625 0.8130208333333333 0.0234375 0.0234375
1 0.50625 0.8052083333333333 0.030078125 0.027604166666666666
0 0.123046875 0.1609375 0.017578125 0.022395833333333334
1 0.22890625 0.1625 0.023828125 0.033854166666666664
0 0.0671875 0.21510416666666668 0.018359375 0.021354166666666667
1 0.140625 0.19114583333333332 0.026171875 0.03125
1 0.313671875 0.19166666666666668 0.022265625 0.034895833333333334
0 0.044140625 0.1984375 0.0203125 0.019791666666666666
1 0.419921875 0.2609375 0.066015625 0.078125
1 0.353515625 0.1265625 0.06171875 0.07447916666666667
1 0.53984375 0.16354166666666667 0.05390625 0.078125
1 0.857421875 0.16927083333333334 0.02265625 0.034375
0 0.60546875 0.25052083333333336 0.02109375 0.025520833333333333
1 0.48515625 0.22864583333333333 0.024609375 0.030729166666666665
0 0.687890625 0.225 0.01953125 0.025
1 0.7625 0.17395833333333333 0.0265625 0.022916666666666665
1 0.82421875 0.023958333333333335 0.02265625 0.0375
1 0.212109375 0.04739583333333333 0.0640625 0.071875
1 0.490625 0.057291666666666664 0.059765625 0.0734375
0 0.606640625 0.11302083333333333 0.024609375 0.026041666666666668
1 0.410546875 0.023958333333333335 0.023046875 0.029166666666666667
1 0.93515625 0.11979166666666667 0.027734375 0.03854166666666667