0 0.613671875 0.7239583333333334 0.02109375 0.024479166666666666
0 0.34375 0.46770833333333334 0.023828125 0.023958333333333335
1 0.898046875 0.3671875 0.05390625 0.049479166666666664
1 0.78046875 0.3151041666666667 0.02734375 0.025
1 0.73828125 0.24114583333333334 0.0265625 0.024479166666666666
0 0.688671875 0.4083333333333333 0.013671875 0.030208333333333334
1 0.812109375 0.22291666666666668 0.029296875 0.027083333333333334
0 0.62109375 0.16666666666666666 0.025 0.028125
1 0.961328125 0.29635416666666664 0.02734375 0.027604166666666666
1 0.977734375 0.35989583333333336 0.021875 0.020833333333333332
1 0.99453125 0.421875 0.0109375 0.04375
1 0.1859375 0.1390625 0.025390625 0.022916666666666665
1 0.325 0.15572916666666667 0.025390625 0.034895833333333334
1 0.487109375 0.14479166666666668 0.0234375 0.036458333333333336
1 0.126953125 0.115625 0.0265625 0.028125
0 0.67734375 0.30572916666666666 0.0546875 0.0609375
0 0.77109375 0.45729166666666665 0.0203125 0.028125
1 0.07734375 0.19270833333333334 0.058203125 0.06666666666666667
0 0.236328125 0.21354166666666666 0.06328125 0.059375
0 0.50390625 0.35260416666666666 0.021484375 0.026041666666666668
1 0.6453125 0.24791666666666667 0.02265625 0.0234375
1 0.5375 0.45260416666666664 0.06328125 0.08125
1 0.25859375 0.5052083333333334 0.05546875 0.07447916666666667
1 0.0796875 0.38645833333333335 0.05703125 0.075
1 0.3921875 0.3125 0.0265625 0.028645833333333332
1 0.62578125 0.5958333333333333 0.052734375 0.07395833333333333
1 0.676953125 0.528125 0.054296875 0.075
1 0.92265625 0.5557291666666667 0.050390625 0.07604166666666666
0 0.194921875 0.40572916666666664 0.031640625 0.04791666666666667
1 0.97109375 0.6489583333333333 0.023828125 0.034895833333333334
1 0.80390625 0.471875 0.0609375 0.0734375
1 0.300390625 0.4708333333333333 0.021875 0.030208333333333334
1 0.3265625 0.38333333333333336 0.054296875 0.07083333333333333
1 0.992578125 0.48385416666666664 0.01484375 0.023958333333333335
0 0.882421875 0.6875 0.022265625 0.030208333333333334
1 0.790625 0.590625 0.022265625 0.03177083333333333
0 0.472265625 0.2598958333333333 0.053515625 0.058854166666666666
1 0.447265625 0.42916666666666664 0.028125 0.0296875
1 0.39140625 0.53125 0.05546875 0.07395833333333333
1 0.34921875 0.6432291666666666 0.01640625 0.025
1 0.34921875 0.5901041666666667 0.023828125 0.0328125
1 0.27265625 0.6244791666666667 0.023828125 0.034895833333333334
1 0.4828125 0.5588541666666667 0.024609375 0.030729166666666665
1 0.09296875 0.5270833333333333 0.0265625 0.0375
0 0.15625 0.5807291666666666 0.029296875 0.034375
0 0.041796875 0.47604166666666664 0.028125 0.03229166666666667
1 0.20078125 0.7385416666666667 0.02578125 0.034895833333333334
1 0.288671875 0.7307291666666667 0.05625 0.07708333333333334
1 0.3859375 0.7453125 0.02734375 0.03958333333333333
1 0.445703125 0.7526041666666666 0.024609375 0.0359375
1 0.530078125 0.7135416666666666 0.054296875 0.07447916666666667
1 0.653515625 0.7619791666666667 0.061328125 0.07916666666666666
0 0.150390625 0.2921875 0.026171875 0.0328125
1 0.72265625 0.6625 0.025390625 0.03229166666666667
1 0.793359375 0.6979166666666666 0.06015625 0.084375
1 0.25546875 0.3140625 0.025 0.030208333333333334
1 0.96953125 0.753125 0.0609375 0.08177083333333333
0 0.868359375 0.8348958333333333 0.01953125 0.022916666666666665
1 0.785546875 0.7942708333333334 0.02265625 0.027604166666666666
1 0.703515625 0.8583333333333333 0.022265625 0.030208333333333334
1 0.595703125 0.865625 0.02109375 0.03697916666666667
1 0.56328125 0.8458333333333333 0.02109375 0.03229166666666667
1 0.485546875 0.8083333333333333 0.021484375 0.0359375
1 0.294921875 0.8354166666666667 0.025390625 0.030208333333333334
1 0.34921875 0.8984375 0.02421875 0.0375
1 0.46484375 0.9052083333333333 0.055078125 0.07552083333333333
1 0.50078125 0.9552083333333333 0.023828125 0.027604166666666666
1 0.612890625 0.9484375 0.026171875 0.0421875
1 0.76796875 0.9453125 0.02734375 0.030729166666666665
0 0.82109375 0.9234375 0.019921875 0.024479166666666666
0 0.918359375 0.95625 0.027734375 0.03697916666666667
1 0.023828125 0.9692708333333333 0.04765625 0.06145833333333333
1 0.17265625 0.9666666666666667 0.0515625 0.06666666666666667
1 0.188671875 0.8953125 0.023046875 0.03229166666666667
1 0.223046875 0.8411458333333334 0.056640625 0.078125
1 0.07421875 0.6979166666666666 0.057421875 0.07760416666666667
1 0.0859375 0.8348958333333333 0.02578125 0.03854166666666667