1 0.02265625 0.1484375 0.0453125 0.07864583333333333
0 0.254296875 0.2677083333333333 0.030078125 0.03958333333333333
1 0.642578125 0.15677083333333333 0.02265625 0.0328125
1 0.82265625 0.715625 0.029296875 0.036458333333333336
1 0.726171875 0.08177083333333333 0.026953125 0.0390625
1 0.9671875 0.4947916666666667 0.058984375 0.08020833333333334
1 0.931640625 0.25 0.060546875 0.08020833333333334
1 0.92734375 0.09635416666666667 0.028125 0.0328125
1 0.880078125 0.18958333333333333 0.023046875 0.028125
1 0.171875 0.7057291666666666 0.023828125 0.034895833333333334
0 0.510546875 0.03802083333333333 0.0296875 0.035416666666666666
0 0.699609375 0.9411458333333333 0.033203125 0.03697916666666667
1 0.988671875 0.6 0.02265625 0.030208333333333334
1 0.5859375 0.3072916666666667 0.026171875 0.03958333333333333
1 0.6921875 0.7026041666666667 0.026953125 0.030729166666666665
1 0.708984375 0.6072916666666667 0.025 0.030208333333333334
1 0.329296875 0.37135416666666665 0.028125 0.0359375
0 0.124609375 0.08541666666666667 0.02890625 0.03802083333333333
1 0.623046875 0.016666666666666666 0.012890625 0.019791666666666666
1 0.98671875 0.2 0.025390625 0.033854166666666664
1 0.253515625 0.7661458333333333 0.0328125 0.035416666666666666
1 0.557421875 0.6098958333333333 0.028125 0.03697916666666667
0 0.419921875 0.18697916666666667 0.0234375 0.03177083333333333
0 0.50546875 0.4427083333333333 0.023828125 0.0390625
1 0.8078125 0.30364583333333334 0.02421875 0.030729166666666665
1 0.82265625 0.80625 0.02578125 0.036458333333333336
1 0.2578125 0.14479166666666668 0.061328125 0.0828125
0 0.902734375 0.46875 0.01953125 0.03229166666666667
1 0.3046875 0.6880208333333333 0.026953125 0.0375
0 0.1484375 0.6057291666666667 0.019921875 0.029166666666666667
0 0.8765625 0.8052083333333333 0.023046875 0.028125
1 0.901953125 0.37083333333333335 0.027734375 0.034895833333333334
1 0.994140625 0.7223958333333333 0.01171875 0.029166666666666667
1 0.448828125 0.2708333333333333 0.05859375 0.07395833333333333
1 0.92578125 0.7151041666666667 0.02734375 0.03697916666666667
1 0.765234375 0.6041666666666666 0.0609375 0.07447916666666667
0 0.243359375 0.46145833333333336 0.027734375 0.034375
1 0.05 0.015625 0.054296875 0.03125
1 0.573046875 0.7453125 0.0265625 0.03958333333333333
0 0.19765625 0.28020833333333334 0.023828125 0.030208333333333334
1 0.891796875 0.6072916666666667 0.029296875 0.0359375
1 0.781640625 0.5083333333333333 0.02578125 0.03229166666666667
1 0.037890625 0.4484375 0.0125 0.0171875
1 0.117578125 0.63125 0.02578125 0.030208333333333334
1 0.094921875 0.42291666666666666 0.0265625 0.0359375
0 0.185546875 0.5255208333333333 0.02421875 0.034375
1 0.191796875 0.3671875 0.059375 0.08541666666666667
1 0.615234375 0.4578125 0.06015625 0.08125
1 0.84453125 0.03229166666666667 0.0296875 0.04010416666666667
1 0.40546875 0.11145833333333334 0.05390625 0.07552083333333333
1 0.6984375 0.4734375 0.02578125 0.034895833333333334
1 0.0828125 0.19895833333333332 0.028125 0.034375
0 0.471875 0.8489583333333334 0.01484375 0.016145833333333335
1 0.13046875 0.9828125 0.0265625 0.034375
1 0.525390625 0.8057291666666667 0.0125 0.01875
1 0.849609375 0.9875 0.02265625 0.025
0 0.9390625 0.9911458333333333 0.02890625 0.017708333333333333
1 0.7296875 0.4010416666666667 0.02890625 0.033854166666666664
0 0.35703125 0.7833333333333333 0.026171875 0.034375
1 0.98828125 0.3026041666666667 0.0234375 0.030208333333333334
1 0.41171875 0.6625 0.01953125 0.028645833333333332
1 0.336328125 0.21458333333333332 0.024609375 0.03229166666666667
1 0.246875 0.030729166666666665 0.02421875 0.035416666666666666
1 0.574609375 0.0067708333333333336 0.02421875 0.013541666666666667
1 0.399609375 0.3848958333333333 0.027734375 0.0328125
1 0.35390625 0.5807291666666666 0.02421875 0.0375
1 0.705078125 0.81875 0.03125 0.04010416666666667
1 0.010546875 0.7354166666666667 0.02109375 0.0328125
0 0.090234375 0.790625 0.030078125 0.0421875
1 0.471875 0.6213541666666667 0.02890625 0.0375
1 0.380859375 0.990625 0.0296875 0.01875
1 0.8 0.20729166666666668 0.054296875 0.08177083333333333
1 0.823828125 0.4171875 0.05625 0.0765625
1 0.671875 0.2140625 0.06328125 0.08125
1 0.54921875 0.175 0.0265625 0.0375
1 0.034765625 0.5114583333333333 0.0203125 0.03229166666666667
0 0.84765625 0.1796875 0.021875 0.029166666666666667
1 0.400390625 0.4953125 0.057421875 0.07447916666666667
1 0.055859375 0.5932291666666667 0.058984375 0.071875
1 0.490625 0.8135416666666667 0.033203125 0.036458333333333336
1 0.732421875 0.22291666666666668 0.022265625 0.033854166666666664
1 0.25234375 0.5598958333333334 0.05859375 0.07708333333333334