1 0.01640625 0.31979166666666664 0.026171875 0.03333333333333333
1 0.555859375 0.25833333333333336 0.026953125 0.025520833333333333
0 0.819140625 0.415625 0.025 0.028645833333333332
1 0.228515625 0.3015625 0.06328125 0.06770833333333333
1 0.64609375 0.7625 0.023046875 0.030208333333333334
0 0.518359375 0.5536458333333333 0.026953125 0.0375
1 0.64921875 0.8557291666666667 0.026171875 0.033854166666666664
0 0.185546875 0.31145833333333334 0.01953125 0.0296875
1 0.643359375 0.9567708333333333 0.025390625 0.03177083333333333
1 0.5640625 0.496875 0.02890625 0.035416666666666666
1 0.07734375 0.30416666666666664 0.06328125 0.07135416666666666
0 0.11015625 0.20364583333333333 0.028515625 0.0375
1 0.2796875 0.246875 0.025390625 0.03177083333333333
1 0.019140625 0.8953125 0.025 0.0296875
0 0.378515625 0.9015625 0.06015625 0.08645833333333333
1 0.3109375 0.8057291666666667 0.026171875 0.03697916666666667
1 0.217578125 0.9411458333333333 0.02578125 0.043229166666666666
1 0.286328125 0.22239583333333332 0.036328125 0.03802083333333333
1 0.16328125 0.8869791666666667 0.02734375 0.0359375
1 0.638671875 0.31145833333333334 0.026171875 0.025520833333333333
0 0.967578125 0.5838541666666667 0.027734375 0.030729166666666665
1 0.3890625 0.26875 0.015625 0.030208333333333334
1 0.373828125 0.22864583333333333 0.03046875 0.028125
1 0.980078125 0.021875 0.03515625 0.027083333333333334
0 0.783203125 0.31354166666666666 0.0234375 0.030729166666666665
1 0.903515625 0.4979166666666667 0.066796875 0.08333333333333333
1 0.496484375 0.3619791666666667 0.069140625 0.07708333333333334
1 0.6625 0.39947916666666666 0.066015625 0.06927083333333334
1 0.4046875 0.50625 0.065234375 0.090625
1 0.18984375 0.23541666666666666 0.02265625 0.030208333333333334
0 0.336328125 0.5130208333333334 0.02578125 0.028645833333333332
0 0.70625 0.49375 0.026171875 0.035416666666666666
1 0.4609375 0.24947916666666667 0.02734375 0.03697916666666667
1 0.15390625 0.6666666666666666 0.019921875 0.025
0 0.28359375 0.571875 0.03203125 0.03697916666666667
0 0.13984375 0.6854166666666667 0.025390625 0.0328125
0 0.16796875 0.5729166666666666 0.0640625 0.08177083333333333
0 0.388671875 0.575 0.0234375 0.035416666666666666
0 0.444921875 0.42552083333333335 0.025 0.029166666666666667
0 0.98828125 0.1671875 0.0234375 0.03802083333333333
1 0.306640625 0.30833333333333335 0.02578125 0.03177083333333333
1 0.330078125 0.6260416666666667 0.028515625 0.0359375
0 0.940234375 0.32864583333333336 0.02578125 0.027604166666666666
0 0.85546875 0.2755208333333333 0.03125 0.025
0 0.196875 0.6848958333333334 0.01171875 0.014583333333333334
0 0.991015625 0.6260416666666667 0.01796875 0.029166666666666667
1 0.09296875 0.41302083333333334 0.03515625 0.0359375
0 0.31953125 0.3958333333333333 0.0703125 0.07447916666666667
1 0.265625 0.7375 0.06328125 0.0890625
1 0.22265625 0.6338541666666667 0.029296875 0.03125
1 0.59453125 0.646875 0.06484375 0.07864583333333333
1 0.98984375 0.38333333333333336 0.0203125 0.034375
1 0.66171875 0.5796875 0.023046875 0.036458333333333336
1 0.283984375 0.9244791666666666 0.02421875 0.03125
1 0.45 0.7401041666666667 0.030078125 0.03958333333333333
1 0.03828125 0.778125 0.024609375 0.03697916666666667
1 0.149609375 0.7703125 0.029296875 0.03958333333333333
0 0.023828125 0.7203125 0.02734375 0.03854166666666667
0 0.045703125 0.5911458333333334 0.028515625 0.04375
1 0.772265625 0.553125 0.066015625 0.07708333333333334
1 0.680859375 0.6375 0.026953125 0.0359375
1 0.919140625 0.6359375 0.02734375 0.036458333333333336
1 0.810546875 0.6463541666666667 0.03203125 0.036458333333333336
1 0.546875 0.7854166666666667 0.027734375 0.03697916666666667
1 0.7953125 0.4786458333333333 0.0265625 0.03854166666666667
1 0.580078125 0.934375 0.0640625 0.0796875
1 0.73359375 0.8140625 0.031640625 0.0375