1 0.383203125 0.47239583333333335 0.02265625 0.0375
1 0.990234375 0.1421875 0.019140625 0.03958333333333333
1 0.0796875 0.49583333333333335 0.064453125 0.090625
1 0.94921875 0.21145833333333333 0.019921875 0.026041666666666668
0 0.306640625 0.6489583333333333 0.02578125 0.036458333333333336
1 0.21328125 0.5296875 0.026953125 0.03333333333333333
1 0.859765625 0.7723958333333333 0.066015625 0.08958333333333333
1 0.373828125 0.203125 0.06640625 0.0890625
0 0.75625 0.590625 0.0265625 0.036458333333333336
1 0.48125 0.40677083333333336 0.067578125 0.09270833333333334
0 0.02109375 0.35572916666666665 0.0203125 0.034895833333333334
1 0.581640625 0.6104166666666667 0.02890625 0.03333333333333333
1 0.152734375 0.8755208333333333 0.029296875 0.03177083333333333
1 0.91796875 0.840625 0.018359375 0.03333333333333333
0 0.76875 0.7536458333333333 0.02421875 0.028645833333333332
1 0.22265625 0.9817708333333334 0.0234375 0.034895833333333334
0 0.46171875 0.98125 0.02734375 0.0375
1 0.4671875 0.74375 0.02734375 0.03333333333333333
1 0.379296875 0.7916666666666666 0.029296875 0.0375
1 0.510546875 0.8083333333333333 0.0265625 0.036458333333333336
1 0.643359375 0.7744791666666667 0.067578125 0.09114583333333333
1 0.612890625 0.9901041666666667 0.0265625 0.019791666666666666
1 0.798046875 0.921875 0.02578125 0.036458333333333336
1 0.727734375 0.8411458333333334 0.023828125 0.03802083333333333
1 0.13046875 0.303125 0.028125 0.0390625
0 0.12109375 0.2 0.026171875 0.0328125
1 0.446484375 0.5375 0.02265625 0.03802083333333333
1 0.470703125 0.12916666666666668 0.0234375 0.03229166666666667
1 0.684765625 0.29583333333333334 0.021484375 0.034895833333333334
1 0.23984375 0.103125 0.026171875 0.03854166666666667
1 0.366015625 0.5927083333333333 0.0640625 0.08177083333333333
1 0.053125 0.6817708333333333 0.029296875 0.03333333333333333
1 0.598046875 0.19427083333333334 0.02890625 0.04114583333333333
0 0.345703125 0.27760416666666665 0.023828125 0.03229166666666667
0 0.825390625 0.5317708333333333 0.028515625 0.034895833333333334
1 0.64609375 0.5458333333333333 0.029296875 0.042708333333333334
1 0.168359375 0.6953125 0.028125 0.04479166666666667
1 0.734765625 0.384375 0.066796875 0.09114583333333333
1 0.2796875 0.3536458333333333 0.06796875 0.0859375