1 0.809375 0.89375 0.0296875 0.03229166666666667
1 0.58515625 0.6338541666666667 0.025 0.03854166666666667
1 0.47109375 0.8734375 0.02578125 0.0328125
1 0.2109375 0.9369791666666667 0.028515625 0.03697916666666667
1 0.20625 0.2994791666666667 0.01875 0.028125
1 0.358203125 0.0067708333333333336 0.02421875 0.013541666666666667
1 0.878125 0.990625 0.02421875 0.018229166666666668
1 0.592578125 0.013020833333333334 0.023828125 0.026041666666666668
0 0.78046875 0.21770833333333334 0.03046875 0.03229166666666667
0 0.68125 0.3729166666666667 0.01875 0.034375
1 0.869140625 0.007291666666666667 0.02578125 0.014583333333333334
0 0.405859375 0.20104166666666667 0.066796875 0.06197916666666667
0 0.275390625 0.17135416666666667 0.0265625 0.0375
0 0.5640625 0.43802083333333336 0.04765625 0.05260416666666667
1 0.71171875 0.7 0.028125 0.034895833333333334
1 0.494140625 0.10989583333333333 0.0265625 0.028645833333333332
1 0.634375 0.33541666666666664 0.023046875 0.03854166666666667
0 0.471484375 0.40520833333333334 0.020703125 0.030729166666666665
1 0.1703125 0.08645833333333333 0.02890625 0.03697916666666667
1 0.78671875 0.321875 0.028125 0.03854166666666667
1 0.451953125 0.017708333333333333 0.0609375 0.034895833333333334
0 0.550390625 0.29322916666666665 0.021875 0.029166666666666667
1 0.6140625 0.165625 0.06484375 0.08802083333333334
1 0.084375 0.0765625 0.06484375 0.0875
1 0.04921875 0.3645833333333333 0.075 0.09375
1 0.651171875 0.4984375 0.01796875 0.034895833333333334
1 0.936328125 0.37135416666666665 0.067578125 0.0859375
1 0.02578125 0.19322916666666667 0.03046875 0.034375
1 0.126171875 0.19479166666666667 0.027734375 0.030208333333333334
0 0.963671875 0.6666666666666666 0.0265625 0.03697916666666667
1 0.692578125 0.0375 0.026171875 0.035416666666666666
1 0.897265625 0.12083333333333333 0.0265625 0.03854166666666667
1 0.869921875 0.5473958333333333 0.026953125 0.0328125
1 0.61875 0.8385416666666666 0.060546875 0.08854166666666667
1 0.19609375 0.6828125 0.025 0.0328125
1 0.1734375 0.5119791666666667 0.029296875 0.041666666666666664
1 0.0796875 0.5630208333333333 0.028125 0.03333333333333333
0 0.124609375 0.6770833333333334 0.0453125 0.0828125
1 0.33828125 0.7885416666666667 0.06171875 0.0875
1 0.36875 0.6625 0.025390625 0.034375
1 0.825 0.7135416666666666 0.028515625 0.04479166666666667
1 0.369921875 0.8171875 0.021875 0.020833333333333332
1 0.653125 0.8932291666666666 0.025390625 0.03125
1 0.09609375 0.8489583333333334 0.028125 0.03177083333333333
0 0.02578125 0.978125 0.0515625 0.04375
1 0.7375 0.5140625 0.06328125 0.0921875
1 0.00546875 0.7765625 0.010546875 0.030729166666666665
0 0.328125 0.45 0.031640625 0.0421875