1 0.383203125 0.09166666666666666 0.024609375 0.030208333333333334
0 0.1703125 0.5885416666666666 0.018359375 0.030729166666666665
0 0.243359375 0.9463541666666667 0.016015625 0.0328125
1 0.36640625 0.9104166666666667 0.023828125 0.03854166666666667
0 0.28515625 0.6359375 0.023828125 0.030729166666666665
1 0.484765625 0.9890625 0.05390625 0.021875
1 0.4984375 0.9072916666666667 0.025390625 0.03229166666666667
1 0.5453125 0.9921875 0.021875 0.015104166666666667
1 0.67421875 0.953125 0.026171875 0.033854166666666664
1 0.71484375 0.8052083333333333 0.05546875 0.07604166666666666
1 0.598828125 0.971875 0.0578125 0.05625
1 0.749609375 0.9614583333333333 0.02578125 0.03125
1 0.5109375 0.7708333333333334 0.0515625 0.07604166666666666
1 0.575 0.7052083333333333 0.026171875 0.028645833333333332
1 0.625390625 0.7713541666666667 0.026171875 0.034895833333333334
1 0.392578125 0.7947916666666667 0.06171875 0.084375
1 0.2734375 0.796875 0.055078125 0.08125
0 0.2234375 0.7583333333333333 0.022265625 0.023958333333333335
1 0.8890625 0.9677083333333333 0.065625 0.0640625
0 0.409765625 0.6328125 0.01328125 0.0171875
1 0.39765625 0.56875 0.05703125 0.07395833333333333
0 0.415625 0.6848958333333334 0.016796875 0.022395833333333334
0 0.306640625 0.5494791666666666 0.027734375 0.0265625
1 0.304296875 0.3963541666666667 0.025 0.0390625
1 0.780859375 0.7854166666666667 0.022265625 0.0359375
1 0.812890625 0.8598958333333333 0.027734375 0.03802083333333333
1 0.211328125 0.6083333333333333 0.02421875 0.030208333333333334
1 0.887890625 0.7479166666666667 0.01953125 0.027604166666666666
1 0.965625 0.7505208333333333 0.02890625 0.035416666666666666
1 0.21953125 0.41822916666666665 0.059765625 0.08333333333333333
0 0.155078125 0.3953125 0.015625 0.025520833333333333
1 0.950390625 0.315625 0.015625 0.028125
1 0.78515625 0.3020833333333333 0.02578125 0.03125
0 0.178515625 0.059895833333333336 0.02265625 0.03697916666666667
1 0.7234375 0.24427083333333333 0.03046875 0.0375
1 0.44609375 0.45208333333333334 0.056640625 0.0671875
0 0.478125 0.525 0.021875 0.027604166666666666
1 0.59375 0.4078125 0.027734375 0.03958333333333333
1 0.46484375 0.22760416666666666 0.05625 0.07239583333333334
1 0.7296875 0.0375 0.0609375 0.075
1 0.16484375 0.18802083333333333 0.056640625 0.07864583333333333
0 0.889453125 0.32864583333333336 0.025 0.0328125
1 0.99609375 0.47604166666666664 0.0078125 0.020833333333333332
1 0.696875 0.5671875 0.05234375 0.07447916666666667
1 0.273828125 0.16354166666666667 0.05859375 0.07708333333333334
1 0.871875 0.6708333333333333 0.0609375 0.08229166666666667
1 0.96328125 0.08072916666666667 0.062109375 0.08072916666666667
1 0.5546875 0.5942708333333333 0.061328125 0.08177083333333333
1 0.97734375 0.27395833333333336 0.044921875 0.07552083333333333
0 0.226953125 0.028645833333333332 0.058203125 0.05677083333333333
0 0.8921875 0.22135416666666666 0.024609375 0.035416666666666666
0 0.3375 0.3223958333333333 0.053515625 0.08072916666666667
1 0.17421875 0.30104166666666665 0.025 0.036458333333333336
1 0.974609375 0.3880208333333333 0.02265625 0.0328125
1 0.700390625 0.446875 0.023046875 0.0328125
1 0.925 0.125 0.0203125 0.0265625
1 0.416796875 0.17083333333333334 0.021875 0.027604166666666666
1 0.566015625 0.021354166666666667 0.024609375 0.03125
1 0.815234375 0.5651041666666666 0.027734375 0.03333333333333333
1 0.662890625 0.10104166666666667 0.0234375 0.030729166666666665
1 0.250390625 0.2625 0.025 0.030208333333333334
1 0.592578125 0.253125 0.025390625 0.035416666666666666
1 0.34375 0.1921875 0.02578125 0.034895833333333334
1 0.863671875 0.5364583333333334 0.023828125 0.03229166666666667
1 0.81484375 0.0203125 0.024609375 0.0328125
1 0.81171875 0.4473958333333333 0.024609375 0.03697916666666667
1 0.39765625 0.36822916666666666 0.020703125 0.0328125
1 0.530859375 0.3125 0.025390625 0.03854166666666667
1 0.479296875 0.6291666666666667 0.025 0.033854166666666664
1 0.332421875 0.03177083333333333 0.028515625 0.035416666666666666
0 0.4375 0.018229166666666668 0.032421875 0.036458333333333336
1 0.284765625 0.07239583333333334 0.025 0.0375
1 0.808984375 0.21770833333333334 0.03125 0.0359375
1 0.6375 0.6072916666666667 0.021875 0.03177083333333333
1 0.980078125 0.5098958333333333 0.028125 0.0375
1 0.43671875 0.2796875 0.02265625 0.030729166666666665
1 0.69296875 0.35520833333333335 0.059375 0.07395833333333333
1 0.992578125 0.015104166666666667 0.01484375 0.030208333333333334
1 0.533203125 0.15989583333333332 0.025 0.0328125