1 0.937890625 0.9458333333333333 0.021875 0.024479166666666666
1 0.805859375 0.7786458333333334 0.038671875 0.041666666666666664
1 0.503125 0.08072916666666667 0.008203125 0.010416666666666666
0 0.715234375 0.7286458333333333 0.014453125 0.021354166666666667
1 0.733203125 0.8385416666666666 0.016796875 0.026041666666666668
1 0.834765625 0.771875 0.022265625 0.034375
0 0.54140625 0.0875 0.02578125 0.034895833333333334
1 0.315234375 0.32916666666666666 0.066796875 0.09270833333333334
1 0.673046875 0.0609375 0.065625 0.08958333333333333
1 0.956640625 0.06927083333333334 0.058984375 0.07916666666666666
1 0.805078125 0.05625 0.02578125 0.0390625
1 0.138671875 0.48541666666666666 0.030859375 0.036458333333333336
0 0.6703125 0.24583333333333332 0.026953125 0.036458333333333336
1 0.134375 0.234375 0.0296875 0.03802083333333333
1 0.228515625 0.12291666666666666 0.028515625 0.0390625
1 0.530859375 0.27447916666666666 0.026171875 0.0390625
1 0.790625 0.2296875 0.026171875 0.028645833333333332
1 0.30390625 0.48489583333333336 0.0296875 0.03697916666666667
1 0.9125 0.38177083333333334 0.065234375 0.08854166666666667
1 0.969921875 0.5375 0.029296875 0.033854166666666664
1 0.641796875 0.521875 0.06953125 0.0890625
1 0.794140625 0.43333333333333335 0.025390625 0.03697916666666667
1 0.625 0.41822916666666665 0.027734375 0.030208333333333334
1 0.3515625 0.6984375 0.034765625 0.04010416666666667
1 0.519140625 0.6734375 0.022265625 0.03177083333333333
1 0.18515625 0.7447916666666666 0.067578125 0.08072916666666667
1 0.09765625 0.5942708333333333 0.026953125 0.0390625
0 0.428125 0.6265625 0.02890625 0.03958333333333333
0 0.376953125 0.5989583333333334 0.023046875 0.03125
1 0.234765625 0.584375 0.019921875 0.034375
1 0.52109375 0.7380208333333333 0.03046875 0.03958333333333333
1 0.624609375 0.7244791666666667 0.02734375 0.0359375
1 0.162890625 0.6572916666666667 0.021875 0.033854166666666664
1 0.653125 0.7385416666666667 0.025 0.03229166666666667
1 0.465234375 0.4609375 0.025390625 0.0375
1 0.267578125 0.6333333333333333 0.019921875 0.01875
0 0.203515625 0.5744791666666667 0.033203125 0.03697916666666667
1 0.725 0.7453125 0.02265625 0.03177083333333333
1 0.87734375 0.6796875 0.02578125 0.043229166666666666
1 0.995703125 0.60625 0.00859375 0.03125
1 0.904296875 0.8338541666666667 0.025390625 0.036458333333333336
1 0.926953125 0.8369791666666667 0.01875 0.030208333333333334
0 0.73046875 0.8677083333333333 0.02421875 0.028645833333333332
1 0.771875 0.9895833333333334 0.029296875 0.020833333333333332
1 0.926953125 0.7802083333333333 0.028125 0.03854166666666667
1 0.9171875 0.8994791666666667 0.021484375 0.0359375
1 0.990234375 0.9161458333333333 0.01953125 0.035416666666666666
1 0.615625 0.9572916666666667 0.065625 0.08541666666666667
1 0.57734375 0.80625 0.033984375 0.041666666666666664
1 0.33984375 0.878125 0.0328125 0.0390625
1 0.0671875 0.8354166666666667 0.026171875 0.03802083333333333
0 0.516796875 0.8166666666666667 0.02734375 0.0328125
1 0.015625 0.5671875 0.030078125 0.021875
1 0.01328125 0.5432291666666667 0.023046875 0.025
1 0.375390625 0.057291666666666664 0.02265625 0.034895833333333334
1 0.0421875 0.221875 0.027734375 0.035416666666666666
1 0.526953125 0.8869791666666667 0.02578125 0.033854166666666664