1 0.380859375 0.7322916666666667 0.025390625 0.036458333333333336
1 0.2265625 0.26145833333333335 0.030859375 0.040625
1 0.93828125 0.4953125 0.027734375 0.044270833333333336
1 0.7703125 0.6739583333333333 0.0546875 0.084375
0 0.83203125 0.4947916666666667 0.031640625 0.03177083333333333
1 0.014453125 0.24895833333333334 0.02890625 0.03333333333333333
0 0.29453125 0.23072916666666668 0.02421875 0.030729166666666665
0 0.953515625 0.1546875 0.01796875 0.035416666666666666
1 0.830859375 0.0984375 0.026171875 0.035416666666666666
1 0.713671875 0.0734375 0.0671875 0.09583333333333334
1 0.790625 0.35625 0.0671875 0.0859375
1 0.980859375 0.621875 0.028125 0.040625
1 0.582421875 0.31979166666666664 0.02734375 0.03125
1 0.199609375 0.45364583333333336 0.024609375 0.041666666666666664
0 0.521875 0.13645833333333332 0.022265625 0.033854166666666664
1 0.740234375 0.23958333333333334 0.026953125 0.03229166666666667
1 0.046875 0.5416666666666666 0.02890625 0.03958333333333333
1 0.286328125 0.9427083333333334 0.0265625 0.035416666666666666
1 0.1859375 0.9114583333333334 0.02265625 0.0359375
1 0.04375 0.9 0.06640625 0.07760416666666667
1 0.180859375 0.7880208333333333 0.021875 0.03697916666666667
1 0.13125 0.47604166666666664 0.024609375 0.03697916666666667
1 0.234765625 0.6515625 0.064453125 0.09427083333333333
1 0.35234375 0.8635416666666667 0.068359375 0.09427083333333333
1 0.324609375 0.4625 0.0265625 0.034375
1 0.630859375 0.2578125 0.027734375 0.034895833333333334
0 0.173046875 0.17239583333333333 0.025 0.04583333333333333
1 0.866015625 0.31145833333333334 0.02578125 0.0328125
1 0.07109375 0.3494791666666667 0.073046875 0.08541666666666667
1 0.886328125 0.6723958333333333 0.06484375 0.0875
1 0.90078125 0.240625 0.066796875 0.09479166666666666
1 0.681640625 0.4713541666666667 0.024609375 0.034375
1 0.67890625 0.38333333333333336 0.02421875 0.028645833333333332
1 0.834375 0.6270833333333333 0.02421875 0.029166666666666667
1 0.3203125 0.3489583333333333 0.01953125 0.027083333333333334
0 0.585546875 0.3421875 0.021484375 0.025520833333333333
1 0.074609375 0.1109375 0.0296875 0.041666666666666664