1 0.27890625 0.9703125 0.030859375 0.03333333333333333
1 0.765625 0.7265625 0.01875 0.042708333333333334
0 0.03203125 0.07708333333333334 0.023828125 0.0265625
1 0.048828125 0.7453125 0.028125 0.0265625
1 0.986328125 0.014583333333333334 0.026953125 0.028125
1 0.462109375 0.9661458333333334 0.057421875 0.06770833333333333
0 0.149609375 0.3546875 0.021484375 0.020833333333333332
1 0.25 0.9322916666666666 0.019921875 0.021354166666666667
1 0.70625 0.2869791666666667 0.025 0.03333333333333333
1 0.883984375 0.8302083333333333 0.023828125 0.033854166666666664
1 0.548828125 0.5692708333333333 0.02265625 0.030208333333333334
1 0.18984375 0.7963541666666667 0.02578125 0.028645833333333332
1 0.209375 0.41354166666666664 0.026171875 0.033854166666666664
1 0.289453125 0.7328125 0.054296875 0.075
1 0.664453125 0.5067708333333333 0.064453125 0.08125
1 0.492578125 0.6734375 0.06171875 0.07864583333333333
1 0.58125 0.053125 0.0609375 0.07604166666666666
1 0.650390625 0.821875 0.066015625 0.08489583333333334
1 0.44375 0.2515625 0.033984375 0.042708333333333334
1 0.672265625 0.3255208333333333 0.03125 0.03177083333333333
1 0.73984375 0.29322916666666665 0.02109375 0.025
1 0.3015625 0.2125 0.028515625 0.03802083333333333
1 0.836328125 0.9223958333333333 0.029296875 0.0421875
1 0.396484375 0.4484375 0.02890625 0.04010416666666667
1 0.164453125 0.6171875 0.0265625 0.03697916666666667
1 0.501953125 0.37083333333333335 0.032421875 0.040625
1 0.894921875 0.5421875 0.02578125 0.034895833333333334
1 0.9078125 0.740625 0.052734375 0.06666666666666667
1 0.821484375 0.35208333333333336 0.028125 0.0390625
0 0.619140625 0.7578125 0.02109375 0.0296875
1 0.34296875 0.05625 0.0296875 0.034895833333333334
0 0.228125 0.2838541666666667 0.018359375 0.027604166666666666
1 0.597265625 0.6244791666666667 0.022265625 0.029166666666666667
1 0.8140625 0.2359375 0.027734375 0.04114583333333333
1 0.588671875 0.26979166666666665 0.01953125 0.0265625
1 0.065625 0.6041666666666666 0.0265625 0.040625
1 0.350390625 0.27239583333333334 0.01953125 0.027083333333333334
1 0.339453125 0.6114583333333333 0.028515625 0.0375
1 0.751171875 0.9494791666666667 0.029296875 0.0375
1 0.05546875 0.3125 0.025390625 0.036458333333333336
0 0.17421875 0.04375 0.02734375 0.0359375
1 0.0859375 0.8875 0.065234375 0.08697916666666666
1 0.75390625 0.10104166666666667 0.02265625 0.03333333333333333
1 0.4953125 0.05520833333333333 0.02421875 0.035416666666666666
1 0.984375 0.47291666666666665 0.030859375 0.035416666666666666
1 0.582421875 0.23802083333333332 0.03203125 0.0359375
1 0.777734375 0.5395833333333333 0.02890625 0.033854166666666664
1 0.305078125 0.8484375 0.027734375 0.029166666666666667
1 0.26796875 0.4796875 0.06328125 0.07864583333333333
1 0.933203125 0.3359375 0.022265625 0.03125
1 0.444921875 0.8145833333333333 0.023828125 0.024479166666666666
1 0.9109375 0.37916666666666665 0.02734375 0.03125
1 0.649609375 0.6 0.01640625 0.022916666666666665
1 0.77578125 0.7197916666666667 0.02265625 0.03697916666666667
1 0.14296875 0.25729166666666664 0.01484375 0.017708333333333333
1 0.936328125 0.27239583333333334 0.025390625 0.03697916666666667