1 0.949609375 0.771875 0.025 0.036458333333333336
1 0.03515625 0.32395833333333335 0.023828125 0.03854166666666667
1 0.13515625 0.4203125 0.02734375 0.0359375
1 0.750390625 0.7421875 0.024609375 0.035416666666666666
1 0.87734375 0.3421875 0.031640625 0.035416666666666666
1 0.18046875 0.5614583333333333 0.026953125 0.03697916666666667
1 0.871875 0.021354166666666667 0.020703125 0.028645833333333332
1 0.85859375 0.6296875 0.033203125 0.03802083333333333
1 0.936328125 0.07708333333333334 0.0296875 0.03854166666666667
1 0.9390625 0.5958333333333333 0.03046875 0.03697916666666667
0 0.875 0.7171875 0.015625 0.022916666666666665
1 0.84296875 0.3265625 0.03046875 0.041666666666666664
1 0.858203125 0.06614583333333333 0.029296875 0.0375
1 0.84296875 0.5036458333333333 0.028515625 0.04583333333333333
1 0.3890625 0.15 0.057421875 0.08072916666666667
1 0.020703125 0.178125 0.02890625 0.040625
1 0.624609375 0.3578125 0.056640625 0.09114583333333333
1 0.504296875 0.6385416666666667 0.065234375 0.08385416666666666
1 0.03046875 0.48541666666666666 0.0609375 0.08854166666666667
1 0.743359375 0.05520833333333333 0.061328125 0.0890625
1 0.712890625 0.840625 0.061328125 0.0875
1 0.1546875 0.7838541666666666 0.062890625 0.08489583333333334
1 0.642578125 0.03333333333333333 0.023828125 0.0375
1 0.664453125 0.7135416666666666 0.02578125 0.036458333333333336
1 0.876171875 0.46197916666666666 0.022265625 0.027083333333333334
1 0.725390625 0.16145833333333334 0.022265625 0.033854166666666664
1 0.85234375 0.8229166666666666 0.03046875 0.03697916666666667
1 0.4578125 0.49166666666666664 0.021484375 0.0328125
1 0.837109375 0.9494791666666667 0.012109375 0.016666666666666666
1 0.341796875 0.7036458333333333 0.022265625 0.03333333333333333
1 0.334375 0.24635416666666668 0.020703125 0.0375
1 0.384375 0.7526041666666666 0.009765625 0.013541666666666667
1 0.596484375 0.965625 0.028515625 0.03958333333333333
0 0.98359375 0.8119791666666667 0.032421875 0.08697916666666666
0 0.191796875 0.2869791666666667 0.034765625 0.071875
0 0.444921875 0.9864583333333333 0.0171875 0.022916666666666665
1 0.558203125 0.228125 0.02265625 0.03125
1 0.53828125 0.8088541666666667 0.026171875 0.04583333333333333
0 0.333203125 0.5296875 0.033984375 0.034895833333333334
1 0.55859375 0.12708333333333333 0.058984375 0.07760416666666667
0 0.740234375 0.5526041666666667 0.047265625 0.042708333333333334
1 0.4453125 0.8791666666666667 0.02109375 0.030729166666666665
1 0.4859375 0.4125 0.017578125 0.036458333333333336
1 0.47109375 0.14947916666666666 0.022265625 0.034375
1 0.166796875 0.9348958333333334 0.0234375 0.029166666666666667
1 0.823828125 0.878125 0.012890625 0.016145833333333335
1 0.991015625 0.40729166666666666 0.017578125 0.075
1 0.86875 0.171875 0.02734375 0.033854166666666664
1 0.564453125 0.5151041666666667 0.025 0.0296875
1 0.8828125 0.24322916666666666 0.02109375 0.027083333333333334
1 0.717578125 0.29322916666666665 0.02578125 0.034375
1 0.066015625 0.6494791666666667 0.030078125 0.0390625
1 0.914453125 0.22864583333333333 0.029296875 0.03333333333333333
1 0.35859375 0.4083333333333333 0.01796875 0.03697916666666667
1 0.7484375 0.978125 0.022265625 0.034895833333333334