0 0.778515625 0.06927083333333334 0.0203125 0.025520833333333333
1 0.774609375 0.2671875 0.030078125 0.0359375
1 0.9671875 0.06197916666666667 0.02421875 0.028125
0 0.16953125 0.7427083333333333 0.019140625 0.034895833333333334
1 0.667578125 0.10989583333333333 0.023828125 0.029166666666666667
1 0.271484375 0.7307291666666667 0.060546875 0.08489583333333334
1 0.566796875 0.696875 0.0234375 0.03125
1 0.523828125 0.11875 0.06015625 0.07447916666666667
1 0.303125 0.2140625 0.03046875 0.034895833333333334
0 0.748828125 0.12916666666666668 0.027734375 0.030729166666666665
1 0.9046875 0.25833333333333336 0.021484375 0.024479166666666666
1 0.246484375 0.6338541666666667 0.021875 0.03125
1 0.35546875 0.7510416666666667 0.0234375 0.034375
1 0.383203125 0.146875 0.028125 0.028645833333333332
1 0.55703125 0.6177083333333333 0.021484375 0.028125
1 0.8453125 0.6395833333333333 0.02890625 0.036458333333333336
1 0.7046875 0.68125 0.02890625 0.034895833333333334
1 0.615234375 0.6510416666666666 0.022265625 0.03177083333333333
1 0.90625 0.7494791666666667 0.0265625 0.027604166666666666
0 0.735546875 0.8197916666666667 0.023828125 0.028125
1 0.608984375 0.559375 0.0234375 0.033854166666666664
1 0.65859375 0.21666666666666667 0.027734375 0.035416666666666666
1 0.9875 0.8307291666666666 0.025 0.065625
0 0.170703125 0.8567708333333334 0.02265625 0.036458333333333336
1 0.319921875 0.6838541666666667 0.025 0.0265625
1 0.25 0.0828125 0.0609375 0.07291666666666667
1 0.246875 0.5604166666666667 0.027734375 0.0328125
1 0.452734375 0.9848958333333333 0.062109375 0.0296875
0 0.90078125 0.17395833333333333 0.0171875 0.025
1 0.58046875 0.9229166666666667 0.030078125 0.0359375
1 0.5 0.1921875 0.026171875 0.035416666666666666
1 0.57109375 0.23072916666666668 0.02578125 0.03177083333333333
1 0.09921875 0.1546875 0.03046875 0.03958333333333333
1 0.362890625 0.04895833333333333 0.05703125 0.0734375
1 0.4046875 0.540625 0.02421875 0.030729166666666665
0 0.0125 0.14791666666666667 0.023828125 0.035416666666666666
1 0.230078125 0.5005208333333333 0.058203125 0.06458333333333334
1 0.47734375 0.703125 0.021875 0.03229166666666667
1 0.29765625 0.5703125 0.028125 0.03229166666666667
1 0.651953125 0.5260416666666666 0.024609375 0.030729166666666665
0 0.131640625 0.5494791666666666 0.021484375 0.03125
1 0.586328125 0.5427083333333333 0.017578125 0.021875
1 0.252734375 0.215625 0.024609375 0.028125
1 0.1859375 0.10885416666666667 0.025390625 0.035416666666666666
1 0.6515625 0.044270833333333336 0.060546875 0.07447916666666667
1 0.671484375 0.9520833333333333 0.05625 0.07395833333333333
0 0.147265625 0.6796875 0.0203125 0.030729166666666665
1 0.8375 0.984375 0.05546875 0.03125
1 0.9890625 0.7135416666666666 0.021875 0.03125
1 0.720703125 0.9380208333333333 0.023828125 0.022395833333333334
1 0.97109375 0.628125 0.05703125 0.06822916666666666
1 0.679296875 0.85625 0.026171875 0.034375
1 0.40390625 0.6911458333333333 0.06171875 0.07395833333333333
1 0.462109375 0.8895833333333333 0.02890625 0.034375
1 0.376953125 0.815625 0.02421875 0.0296875
0 0.1625 0.20208333333333334 0.02578125 0.03177083333333333
1 0.5125 0.0296875 0.0265625 0.03177083333333333
1 0.475 0.5869791666666667 0.02890625 0.033854166666666664
1 0.47265625 0.24322916666666666 0.026171875 0.0359375
1 0.26484375 0.8447916666666667 0.02421875 0.03177083333333333
1 0.807421875 0.7958333333333333 0.055078125 0.065625
1 0.308203125 0.9484375 0.0296875 0.0390625
1 0.63125 0.803125 0.055078125 0.08020833333333334
0 0.85 0.96875 0.044140625 0.03802083333333333
1 0.529296875 0.7833333333333333 0.0578125 0.07552083333333333
1 0.5671875 0.990625 0.02421875 0.01875
1 0.909375 0.9401041666666666 0.030859375 0.03802083333333333
1 0.9390625 0.05416666666666667 0.021484375 0.0265625
1 0.31015625 0.0703125 0.02421875 0.034895833333333334
1 0.885546875 0.008333333333333333 0.02109375 0.016666666666666666
0 0.437890625 0.020833333333333332 0.0265625 0.034895833333333334
1 0.763671875 0.8890625 0.023828125 0.03177083333333333
1 0.5875 0.128125 0.026171875 0.030208333333333334