1 0.55546875 0.9442708333333333 0.027734375 0.030729166666666665
1 0.36171875 0.98125 0.02578125 0.0375
1 0.476953125 0.8807291666666667 0.025 0.034895833333333334
1 0.507421875 0.4921875 0.031640625 0.035416666666666666
1 0.152734375 0.23177083333333334 0.06875 0.09010416666666667
1 0.3390625 0.5177083333333333 0.02734375 0.0265625
1 0.94375 0.3927083333333333 0.063671875 0.0875
1 0.621875 0.03229166666666667 0.028515625 0.034375
1 0.04921875 0.7052083333333333 0.02734375 0.03229166666666667
1 0.94453125 0.153125 0.024609375 0.035416666666666666
1 0.762890625 0.9692708333333333 0.025390625 0.035416666666666666
1 0.875390625 0.043229166666666666 0.028125 0.0328125
0 0.76796875 0.8208333333333333 0.01953125 0.035416666666666666
1 0.775390625 0.04895833333333333 0.02734375 0.0359375
0 0.30546875 0.7385416666666667 0.021875 0.030208333333333334
0 0.57734375 0.6807291666666667 0.022265625 0.029166666666666667
0 0.413671875 0.18385416666666668 0.026171875 0.030729166666666665
0 0.82109375 0.16302083333333334 0.080859375 0.10989583333333333
1 0.396875 0.7541666666666667 0.0265625 0.034375
1 0.13359375 0.5135416666666667 0.060546875 0.05364583333333333
0 0.22265625 0.44583333333333336 0.02578125 0.025520833333333333
1 0.462109375 0.37083333333333335 0.022265625 0.021875
0 0.98203125 0.021354166666666667 0.020703125 0.0140625
1 0.2171875 0.28854166666666664 0.024609375 0.03333333333333333
1 0.28671875 0.36875 0.061328125 0.08177083333333333
1 0.215234375 0.027083333333333334 0.030078125 0.04375
1 0.4 0.35520833333333335 0.0265625 0.0328125
0 0.669140625 0.7760416666666666 0.019140625 0.025520833333333333
1 0.698046875 0.90625 0.066015625 0.08229166666666667
1 0.559765625 0.20104166666666667 0.028515625 0.03125
1 0.5234375 0.2953125 0.028515625 0.027604166666666666
1 0.6515625 0.24114583333333334 0.0671875 0.08541666666666667
1 0.2890625 0.2515625 0.024609375 0.0375
1 0.203515625 0.8427083333333333 0.026953125 0.03229166666666667
1 0.459375 0.22864583333333333 0.020703125 0.0234375
0 0.233203125 0.34010416666666665 0.022265625 0.028125
1 0.479296875 0.07083333333333333 0.02890625 0.042708333333333334
1 0.19296875 0.7135416666666666 0.02421875 0.040625
1 0.90859375 0.5822916666666667 0.027734375 0.0359375
1 0.498046875 0.7671875 0.06484375 0.08333333333333333
1 0.1484375 0.428125 0.029296875 0.036458333333333336
0 0.957421875 0.9041666666666667 0.022265625 0.03177083333333333
1 0.833203125 0.9276041666666667 0.011328125 0.0109375
1 0.057421875 0.9270833333333334 0.0203125 0.03333333333333333
0 0.281640625 0.8458333333333333 0.0140625 0.016145833333333335
1 0.173828125 0.56875 0.023828125 0.030729166666666665
1 0.10625 0.7869791666666667 0.063671875 0.0859375
1 0.620703125 0.38229166666666664 0.0296875 0.03802083333333333
1 0.644921875 0.6010416666666667 0.066015625 0.08854166666666667
1 0.856640625 0.8567708333333334 0.065625 0.09010416666666667
0 0.733203125 0.503125 0.02265625 0.03177083333333333
1 0.848828125 0.3546875 0.02265625 0.0296875
1 0.305859375 0.6369791666666667 0.0671875 0.08802083333333334
1 0.9203125 0.7020833333333333 0.0265625 0.030729166666666665
1 0.33515625 0.08958333333333333 0.032421875 0.04114583333333333
1 0.43125 0.5541666666666667 0.02734375 0.027604166666666666