1 0.127734375 0.2604166666666667 0.0609375 0.0796875
1 0.781640625 0.8177083333333334 0.042578125 0.03802083333333333
1 0.013671875 0.7270833333333333 0.02734375 0.03697916666666667
1 0.88828125 0.6203125 0.0234375 0.0296875
1 0.70078125 0.7619791666666667 0.03125 0.03697916666666667
1 0.633984375 0.016666666666666666 0.056640625 0.0328125
1 0.267578125 0.015625 0.024609375 0.030729166666666665
0 0.671484375 0.04583333333333333 0.021875 0.028125
0 0.321484375 0.084375 0.01953125 0.03229166666666667
1 0.954296875 0.0546875 0.0234375 0.0265625
0 0.5625 0.059375 0.038671875 0.05364583333333333
1 0.261328125 0.11979166666666667 0.021875 0.0328125
1 0.961328125 0.134375 0.063671875 0.08385416666666666
1 0.695703125 0.24270833333333333 0.03046875 0.044270833333333336
1 0.0375 0.043229166666666666 0.030859375 0.04010416666666667
1 0.83046875 0.04114583333333333 0.028125 0.036458333333333336
1 0.408984375 0.07395833333333333 0.024609375 0.033854166666666664
1 0.771875 0.016145833333333335 0.0203125 0.0265625
1 0.123046875 0.10677083333333333 0.027734375 0.03333333333333333
1 0.50546875 0.013541666666666667 0.05546875 0.027083333333333334
0 0.830078125 0.1625 0.0265625 0.034375
1 0.787890625 0.03125 0.012109375 0.022395833333333334
0 0.37109375 0.21302083333333333 0.01953125 0.03697916666666667
1 0.184375 0.21041666666666667 0.025 0.03333333333333333
1 0.26953125 0.19479166666666667 0.055078125 0.08229166666666667
1 0.424609375 0.22760416666666666 0.0265625 0.0359375
0 0.5625 0.22083333333333333 0.030078125 0.0328125
1 0.2296875 0.4197916666666667 0.019921875 0.025
1 0.01015625 0.21822916666666667 0.0203125 0.07760416666666667
0 0.19296875 0.4713541666666667 0.02265625 0.0390625
0 0.098046875 0.4791666666666667 0.0203125 0.0328125
1 0.022265625 0.4270833333333333 0.04453125 0.07708333333333334
1 0.164453125 0.50625 0.058984375 0.08072916666666667
1 0.3984375 0.3765625 0.059765625 0.08177083333333333
1 0.255078125 0.39791666666666664 0.057421875 0.071875
1 0.096875 0.38177083333333334 0.028125 0.035416666666666666
1 0.330859375 0.325 0.025 0.033854166666666664
1 0.185546875 0.3140625 0.0234375 0.028645833333333332
1 0.075 0.2 0.023828125 0.028125
0 0.04140625 0.190625 0.02265625 0.029166666666666667
1 0.54609375 0.3145833333333333 0.028515625 0.040625
1 0.6078125 0.33958333333333335 0.02578125 0.033854166666666664
1 0.4984375 0.41875 0.026953125 0.033854166666666664
1 0.73046875 0.36354166666666665 0.0296875 0.03229166666666667
0 0.817578125 0.4817708333333333 0.02265625 0.035416666666666666
1 0.858984375 0.28958333333333336 0.05546875 0.07864583333333333
1 0.884375 0.4015625 0.02421875 0.03125
1 0.987109375 0.23020833333333332 0.025390625 0.030729166666666665
1 0.971484375 0.3796875 0.025390625 0.033854166666666664
1 0.923828125 0.42239583333333336 0.0203125 0.025
1 0.9953125 0.5380208333333333 0.009375 0.03229166666666667
1 0.951171875 0.5135416666666667 0.057421875 0.08229166666666667
1 0.760546875 0.4708333333333333 0.021875 0.028125
1 0.584765625 0.4510416666666667 0.0640625 0.07604166666666666
1 0.68515625 0.5427083333333333 0.057421875 0.07395833333333333
0 0.326953125 0.4822916666666667 0.023046875 0.0359375
0 0.777734375 0.6369791666666667 0.026953125 0.03958333333333333
1 0.50390625 0.6067708333333334 0.05546875 0.07604166666666666
1 0.38203125 0.6036458333333333 0.05546875 0.07864583333333333
1 0.28046875 0.5708333333333333 0.026171875 0.03854166666666667
1 0.085546875 0.6177083333333333 0.0296875 0.0359375
1 0.573046875 0.578125 0.026171875 0.030208333333333334
1 0.441796875 0.5994791666666667 0.024609375 0.028645833333333332
1 0.4359375 0.4828125 0.0265625 0.035416666666666666
1 0.1875 0.6119791666666666 0.02734375 0.030729166666666665
0 0.5125 0.7604166666666666 0.028125 0.033854166666666664
0 0.784375 0.7359375 0.0234375 0.03125
1 0.27421875 0.690625 0.05546875 0.06302083333333333
1 0.638671875 0.684375 0.064453125 0.0703125
1 0.710546875 0.6369791666666667 0.02109375 0.0296875
1 0.42421875 0.6864583333333333 0.022265625 0.027604166666666666
1 0.371484375 0.7385416666666667 0.02421875 0.03697916666666667
1 0.317578125 0.6630208333333333 0.025390625 0.0328125
0 0.54921875 0.7083333333333334 0.022265625 0.034895833333333334
0 0.066796875 0.8166666666666667 0.023046875 0.027604166666666666
1 0.119140625 0.7260416666666667 0.026171875 0.0359375
1 0.195703125 0.7354166666666667 0.02578125 0.03125
1 0.4046875 0.9552083333333333 0.021875 0.034895833333333334
0 0.9453125 0.6828125 0.014453125 0.0171875
1 0.54609375 0.9364583333333333 0.0296875 0.034895833333333334
1 0.038671875 0.9932291666666667 0.023046875 0.013020833333333334
1 0.310546875 0.9463541666666667 0.026953125 0.0375
1 0.01171875 0.8171875 0.0234375 0.036458333333333336
1 0.883203125 0.7307291666666667 0.0296875 0.03958333333333333
1 0.9546875 0.7052083333333333 0.025 0.026041666666666668
0 0.230859375 0.4921875 0.025 0.03229166666666667
0 0.341015625 0.8020833333333334 0.02890625 0.029166666666666667
1 0.006640625 0.3151041666666667 0.01328125 0.03229166666666667
1 0.6578125 0.12239583333333333 0.02421875 0.0328125
1 0.68359375 0.1859375 0.011328125 0.020833333333333332