1 0.832421875 0.7052083333333333 0.060546875 0.08385416666666666
1 0.34609375 0.8729166666666667 0.0296875 0.03333333333333333
0 0.594140625 0.07864583333333333 0.05078125 0.10052083333333334
1 0.782421875 0.396875 0.063671875 0.08802083333333334
1 0.460546875 0.40208333333333335 0.027734375 0.030208333333333334
0 0.196484375 0.303125 0.02421875 0.03697916666666667
1 0.5984375 0.321875 0.060546875 0.08385416666666666
1 0.76171875 0.9546875 0.025390625 0.029166666666666667
1 0.67890625 0.36614583333333334 0.026953125 0.030729166666666665
1 0.058984375 0.7421875 0.065234375 0.07135416666666666
1 0.99296875 0.35833333333333334 0.0140625 0.025520833333333333
0 0.3109375 0.3671875 0.053515625 0.06927083333333334
1 0.5390625 0.9276041666666667 0.024609375 0.034375
1 0.358984375 0.29322916666666665 0.0234375 0.03177083333333333
1 0.7921875 0.6223958333333334 0.026953125 0.029166666666666667
1 0.859765625 0.12604166666666666 0.02734375 0.03854166666666667
1 0.500390625 0.6046875 0.024609375 0.030729166666666665
1 0.31640625 0.47604166666666664 0.02421875 0.029166666666666667
0 0.058984375 0.290625 0.0671875 0.08541666666666667
0 0.140625 0.18802083333333333 0.021484375 0.03333333333333333
1 0.6109375 0.6635416666666667 0.02578125 0.04114583333333333
1 0.944921875 0.440625 0.01953125 0.022395833333333334
1 0.869140625 0.2942708333333333 0.026171875 0.020833333333333332
1 0.174609375 0.6598958333333333 0.0265625 0.030729166666666665
0 0.440234375 0.5390625 0.05625 0.07135416666666666
1 0.364453125 0.7567708333333333 0.027734375 0.027604166666666666
1 0.964453125 0.014583333333333334 0.05859375 0.029166666666666667
1 0.191796875 0.8052083333333333 0.03515625 0.036458333333333336
1 0.640234375 0.5291666666666667 0.02578125 0.034375
1 0.711328125 0.7520833333333333 0.02890625 0.034375
1 0.501171875 0.08958333333333333 0.022265625 0.03229166666666667
1 0.745703125 0.25416666666666665 0.028515625 0.026041666666666668
1 0.651171875 0.9067708333333333 0.030859375 0.03333333333333333
1 0.883984375 0.30625 0.023828125 0.028125
1 0.973046875 0.48020833333333335 0.030859375 0.03125
1 0.292578125 0.6010416666666667 0.02890625 0.0265625
1 0.02421875 0.6291666666666667 0.030078125 0.030729166666666665
1 0.762890625 0.11145833333333334 0.026171875 0.0421875
1 0.529296875 0.7697916666666667 0.028515625 0.030208333333333334
1 0.4453125 0.9296875 0.062890625 0.06979166666666667
1 0.658984375 0.18541666666666667 0.028515625 0.0328125
1 0.978515625 0.24166666666666667 0.04296875 0.07552083333333333
1 0.165625 0.5328125 0.062109375 0.07760416666666667
1 0.873046875 0.8739583333333333 0.058203125 0.0765625
0 0.44609375 0.26458333333333334 0.020703125 0.0421875
1 0.38203125 0.6364583333333333 0.0296875 0.03229166666666667
1 0.811328125 0.5239583333333333 0.02578125 0.03697916666666667
1 0.962109375 0.6265625 0.027734375 0.0375