1 0.64375 0.325 0.058984375 0.08385416666666666
0 0.7875 0.9875 0.026953125 0.025
1 0.576171875 0.9854166666666667 0.0265625 0.029166666666666667
1 0.03671875 0.86875 0.03515625 0.03802083333333333
1 0.021875 0.5645833333333333 0.0328125 0.041666666666666664
1 0.021484375 0.7421875 0.03046875 0.04635416666666667
1 0.1203125 0.8348958333333333 0.03046875 0.0375
1 0.32578125 0.8708333333333333 0.05625 0.08229166666666667
1 0.7828125 0.34322916666666664 0.026171875 0.03958333333333333
1 0.306640625 0.7354166666666667 0.0265625 0.0375
1 0.887890625 0.0859375 0.029296875 0.0390625
1 0.440625 0.590625 0.0265625 0.034375
1 0.98125 0.1640625 0.027734375 0.03333333333333333
1 0.943359375 0.42552083333333335 0.026953125 0.034895833333333334
1 0.883984375 0.20572916666666666 0.028515625 0.0328125
1 0.425 0.27760416666666665 0.03046875 0.033854166666666664
1 0.578515625 0.7989583333333333 0.02421875 0.034375
1 0.4140625 0.25416666666666665 0.017578125 0.009375
1 0.951953125 0.7833333333333333 0.021875 0.036458333333333336
1 0.58515625 0.6036458333333333 0.028515625 0.03958333333333333
1 0.888671875 0.6359375 0.02734375 0.03697916666666667
1 0.513671875 0.24114583333333334 0.02578125 0.04114583333333333
1 0.20546875 0.871875 0.02890625 0.0328125
1 0.803125 0.240625 0.02578125 0.036458333333333336
1 0.837890625 0.5239583333333333 0.029296875 0.04114583333333333
1 0.346484375 0.26145833333333335 0.02578125 0.03802083333333333
1 0.973046875 0.29010416666666666 0.053515625 0.08229166666666667
1 0.658203125 0.7682291666666666 0.056640625 0.08020833333333334
1 0.70703125 0.7854166666666667 0.025390625 0.03177083333333333
1 0.253515625 0.32083333333333336 0.0640625 0.0828125
1 0.475 0.73125 0.066015625 0.08489583333333334
1 0.19765625 0.6463541666666667 0.06328125 0.08125
1 0.68828125 0.5703125 0.023828125 0.0296875
1 0.56953125 0.44427083333333334 0.03046875 0.0390625
1 0.069921875 0.009895833333333333 0.023828125 0.019270833333333334
1 0.07890625 0.15416666666666667 0.03125 0.029166666666666667
1 0.121484375 0.3145833333333333 0.0296875 0.03854166666666667
1 0.05859375 0.5802083333333333 0.03359375 0.036458333333333336
1 0.454296875 0.05677083333333333 0.0625 0.08541666666666667
1 0.73046875 0.46458333333333335 0.009375 0.021875
1 0.31640625 0.10833333333333334 0.03125 0.0421875
1 0.23125 0.15833333333333333 0.029296875 0.036458333333333336
1 0.671484375 0.9520833333333333 0.013671875 0.021354166666666667
1 0.574609375 0.0953125 0.028125 0.03802083333333333
1 0.672265625 0.08958333333333333 0.033203125 0.0375
0 0.467578125 0.47708333333333336 0.031640625 0.04375
1 0.2875 0.546875 0.021875 0.036458333333333336
1 0.34765625 0.446875 0.02890625 0.036458333333333336
1 0.216796875 0.5005208333333333 0.02734375 0.03958333333333333
1 0.423828125 0.8932291666666666 0.02578125 0.0328125
1 0.050390625 0.41041666666666665 0.028515625 0.035416666666666666
1 0.05390625 0.25885416666666666 0.021484375 0.028645833333333332
1 0.78515625 0.8109375 0.026171875 0.046875
1 0.883984375 0.9682291666666667 0.0265625 0.03333333333333333
1 0.03984375 0.30416666666666664 0.03203125 0.03697916666666667
1 0.674609375 0.94375 0.026953125 0.03229166666666667
1 0.0984375 0.4666666666666667 0.031640625 0.034375
1 0.06484375 0.48125 0.021875 0.028125
0 0.053125 0.9572916666666667 0.018359375 0.0234375
1 0.05859375 0.7010416666666667 0.01953125 0.027083333333333334
1 0.49453125 0.9307291666666667 0.026953125 0.0375
1 0.990625 0.9119791666666667 0.01875 0.07760416666666667
1 0.087109375 0.14375 0.028515625 0.03958333333333333