1 0.70390625 0.16145833333333334 0.03203125 0.03229166666666667
1 0.4109375 0.9 0.027734375 0.034895833333333334
1 0.534375 0.8390625 0.028515625 0.028645833333333332
1 0.9546875 0.9364583333333333 0.06328125 0.0875
0 0.57890625 0.024479166666666666 0.020703125 0.027083333333333334
0 0.98671875 0.1484375 0.0171875 0.0234375
1 0.76875 0.9333333333333333 0.024609375 0.036458333333333336
1 0.8796875 0.03697916666666667 0.02578125 0.035416666666666666
1 0.696484375 0.04114583333333333 0.028515625 0.036458333333333336
1 0.472265625 0.9145833333333333 0.01875 0.019791666666666666
1 0.991015625 0.5671875 0.01796875 0.016666666666666666
1 0.347265625 0.6380208333333334 0.03203125 0.041666666666666664
1 0.22734375 0.5776041666666667 0.03046875 0.04375
1 0.631640625 0.9244791666666666 0.029296875 0.03958333333333333
1 0.955859375 0.6963541666666667 0.024609375 0.035416666666666666
1 0.786328125 0.59375 0.0265625 0.0359375
1 0.88671875 0.5885416666666666 0.027734375 0.034375
1 0.633203125 0.578125 0.02890625 0.036458333333333336
1 0.570703125 0.746875 0.0265625 0.03333333333333333
1 0.80390625 0.08020833333333334 0.028125 0.03854166666666667
0 0.482421875 0.011979166666666667 0.024609375 0.0234375
1 0.558984375 0.4296875 0.026171875 0.034375
1 0.742578125 0.4270833333333333 0.031640625 0.03333333333333333
1 0.92421875 0.5135416666666667 0.06484375 0.0859375
1 0.4609375 0.4317708333333333 0.026953125 0.035416666666666666
1 0.641796875 0.4328125 0.06640625 0.084375
0 0.4453125 0.2515625 0.030859375 0.0390625
0 0.30625 0.019270833333333334 0.02421875 0.0328125
1 0.773046875 0.48385416666666664 0.024609375 0.03802083333333333
0 0.42578125 0.7302083333333333 0.025 0.028645833333333332
1 0.491015625 0.6192708333333333 0.031640625 0.04583333333333333
1 0.427734375 0.26875 0.028125 0.03802083333333333
0 0.244140625 0.8880208333333334 0.023046875 0.028125
1 0.860546875 0.8947916666666667 0.0234375 0.0234375
1 0.112109375 0.18854166666666666 0.027734375 0.036458333333333336
1 0.316015625 0.17239583333333333 0.02578125 0.04010416666666667
0 0.205078125 0.13645833333333332 0.071875 0.0921875
0 0.01796875 0.0609375 0.0234375 0.0375
1 0.152734375 0.009375 0.025 0.01875
0 0.726171875 0.31979166666666664 0.026953125 0.030729166666666665
1 0.349609375 0.41510416666666666 0.02890625 0.03177083333333333
1 0.66328125 0.784375 0.066796875 0.08541666666666667
1 0.16484375 0.7833333333333333 0.06953125 0.0890625
1 0.4390625 0.134375 0.06484375 0.08854166666666667
0 0.832421875 0.7067708333333333 0.08125 0.10885416666666667
1 0.16015625 0.9755208333333333 0.0296875 0.035416666666666666
1 0.22890625 0.8375 0.025 0.0328125
1 0.4703125 0.7744791666666667 0.021484375 0.025
1 0.746875 0.9359375 0.0234375 0.028645833333333332
1 0.14609375 0.3411458333333333 0.0296875 0.041666666666666664
1 0.53984375 0.15 0.02265625 0.035416666666666666
0 0.415625 0.19479166666666667 0.030859375 0.04375
1 0.221875 0.41822916666666665 0.025 0.029166666666666667
1 0.108984375 0.5130208333333334 0.034765625 0.052083333333333336
1 0.2890625 0.47291666666666665 0.02421875 0.0328125
1 0.561328125 0.1578125 0.033984375 0.03854166666666667
1 0.3 0.7989583333333333 0.025390625 0.0375
1 0.31875 0.3411458333333333 0.0328125 0.0390625
1 0.555859375 0.275 0.027734375 0.0328125
1 0.25546875 0.26979166666666665 0.0265625 0.03854166666666667
1 0.298046875 0.915625 0.0609375 0.08125