0 0.823046875 0.0203125 0.06015625 0.040625
1 0.031640625 0.36875 0.026171875 0.0328125
0 0.7578125 0.0875 0.026171875 0.03177083333333333
1 0.733984375 0.55625 0.03046875 0.030208333333333334
0 0.85234375 0.575 0.03828125 0.050520833333333334
1 0.592578125 0.1234375 0.0265625 0.030729166666666665
1 0.119921875 0.30833333333333335 0.0625 0.084375
1 0.011328125 0.26875 0.022265625 0.030208333333333334
1 0.062890625 0.29635416666666664 0.023828125 0.0375
1 0.0140625 0.5177083333333333 0.028125 0.041666666666666664
1 0.535546875 0.12291666666666666 0.02421875 0.033854166666666664
1 0.387109375 0.19479166666666667 0.025 0.0390625
1 0.9421875 0.4140625 0.062890625 0.07447916666666667
0 0.9859375 0.75 0.022265625 0.025520833333333333
1 0.68125 0.20729166666666668 0.02890625 0.03802083333333333
1 0.634375 0.19739583333333333 0.02890625 0.03333333333333333
1 0.780859375 0.6046875 0.009375 0.0125
0 0.84453125 0.6932291666666667 0.032421875 0.028125
0 0.79375 0.7255208333333333 0.02265625 0.029166666666666667
1 0.251953125 0.5953125 0.03125 0.0328125
1 0.214453125 0.565625 0.0203125 0.027083333333333334
1 0.93828125 0.6286458333333333 0.025 0.0171875
1 0.76484375 0.634375 0.020703125 0.029166666666666667
1 0.790625 0.40625 0.05234375 0.071875
0 0.91640625 0.30052083333333335 0.0140625 0.01875
1 0.4421875 0.6208333333333333 0.056640625 0.07083333333333333
1 0.5640625 0.5286458333333334 0.06171875 0.071875
1 0.3609375 0.9125 0.0609375 0.07239583333333334
1 0.48984375 0.6427083333333333 0.022265625 0.033854166666666664
1 0.328125 0.9557291666666666 0.02890625 0.035416666666666666
1 0.91796875 0.47760416666666666 0.02109375 0.0265625
0 0.114453125 0.9239583333333333 0.025 0.03333333333333333
1 0.498046875 0.2520833333333333 0.025 0.03177083333333333
1 0.555859375 0.2989583333333333 0.060546875 0.08125
1 0.490234375 0.36041666666666666 0.025390625 0.03125
1 0.500390625 0.38333333333333336 0.025 0.027604166666666666
1 0.365234375 0.3697916666666667 0.057421875 0.07708333333333334
1 0.189453125 0.9817708333333334 0.028125 0.036458333333333336
1 0.127734375 0.6875 0.012109375 0.0140625
1 0.380078125 0.81875 0.012890625 0.015625
1 0.2390625 0.66875 0.025 0.028645833333333332
1 0.6890625 0.37864583333333335 0.061328125 0.08072916666666667
0 0.866015625 0.28125 0.026171875 0.03125
1 0.501171875 0.5526041666666667 0.022265625 0.03333333333333333
1 0.965625 0.19635416666666666 0.057421875 0.07552083333333333
1 0.792578125 0.2125 0.058984375 0.0796875
1 0.4 0.9828125 0.026953125 0.034375
1 0.730859375 0.2921875 0.02734375 0.033854166666666664
1 0.94140625 0.9765625 0.015625 0.021875
1 0.8859375 0.8630208333333333 0.014453125 0.027083333333333334
1 0.6078125 0.3328125 0.02421875 0.030729166666666665
1 0.45625 0.46979166666666666 0.02109375 0.03229166666666667
0 0.878515625 0.10364583333333334 0.028125 0.034895833333333334
1 0.278515625 0.3067708333333333 0.028125 0.03333333333333333
1 0.01875 0.0234375 0.0375 0.04635416666666667
1 0.158984375 0.5 0.022265625 0.0359375
1 0.11953125 0.19947916666666668 0.02421875 0.030208333333333334
1 0.21796875 0.1609375 0.025390625 0.03333333333333333
1 0.295703125 0.15572916666666667 0.028125 0.03229166666666667
0 0.073828125 0.1359375 0.042578125 0.06770833333333333
0 0.81796875 0.2755208333333333 0.02421875 0.0234375
1 0.383203125 0.49166666666666664 0.02265625 0.034375
1 0.563671875 0.9916666666666667 0.0265625 0.016666666666666666
0 0.59921875 0.665625 0.02734375 0.027604166666666666
0 0.153515625 0.6010416666666667 0.025 0.0296875
1 0.00390625 0.15885416666666666 0.007421875 0.030729166666666665
1 0.25859375 0.019270833333333334 0.02578125 0.034375
1 0.108984375 0.5255208333333333 0.025 0.034895833333333334
1 0.20078125 0.016145833333333335 0.0625 0.03229166666666667
1 0.397265625 0.0484375 0.06015625 0.0796875
1 0.28515625 0.4515625 0.02578125 0.027604166666666666
1 0.226171875 0.4010416666666667 0.0546875 0.078125
1 0.5421875 0.015625 0.053515625 0.030729166666666665
1 0.669140625 0.07864583333333333 0.062109375 0.08541666666666667
1 0.739453125 0.013020833333333334 0.026953125 0.026041666666666668
1 0.460546875 0.009895833333333333 0.02421875 0.019791666666666666
1 0.651171875 0.49270833333333336 0.025 0.03177083333333333
1 0.35078125 0.590625 0.026953125 0.030729166666666665
1 0.944140625 0.0109375 0.025 0.021875
1 0.994140625 0.058333333333333334 0.01171875 0.034375
1 0.156640625 0.37395833333333334 0.023046875 0.03177083333333333