1 0.2453125 0.05520833333333333 0.062890625 0.08333333333333333
0 0.805078125 0.9708333333333333 0.032421875 0.021875
1 0.66484375 0.6375 0.02890625 0.0359375
1 0.523828125 0.03958333333333333 0.030078125 0.03958333333333333
1 0.94765625 0.3541666666666667 0.012890625 0.013541666666666667
1 0.023046875 0.04010416666666667 0.032421875 0.036458333333333336
1 0.78671875 0.16614583333333333 0.025390625 0.03229166666666667
1 0.66328125 0.84375 0.06640625 0.084375
0 0.762109375 0.47291666666666665 0.0265625 0.03697916666666667
1 0.687890625 0.9911458333333333 0.03125 0.017708333333333333
0 0.43828125 0.090625 0.028515625 0.0390625
1 0.7921875 0.784375 0.0296875 0.030729166666666665
0 0.90859375 0.5067708333333333 0.06171875 0.0796875
1 0.699609375 0.17864583333333334 0.0265625 0.0328125
0 0.871484375 0.39375 0.02265625 0.027083333333333334
1 0.78828125 0.6510416666666666 0.02890625 0.03125
0 0.91953125 0.8380208333333333 0.0609375 0.07239583333333334
0 0.599609375 0.5114583333333333 0.062890625 0.0828125
1 0.061328125 0.22552083333333334 0.028125 0.03854166666666667
1 0.4453125 0.5385416666666667 0.023828125 0.0234375
1 0.378125 0.7291666666666666 0.02421875 0.029166666666666667
1 0.19921875 0.9192708333333334 0.026953125 0.034895833333333334
1 0.22421875 0.225 0.026171875 0.03802083333333333
1 0.417578125 0.9817708333333334 0.059765625 0.036458333333333336
1 0.46171875 0.7375 0.054296875 0.08020833333333334
1 0.237109375 0.7385416666666667 0.059765625 0.08020833333333334
1 0.05625 0.43385416666666665 0.03203125 0.0421875
1 0.325 0.4739583333333333 0.057421875 0.0765625
1 0.51484375 0.24010416666666667 0.059765625 0.07447916666666667
1 0.330078125 0.22395833333333334 0.027734375 0.040625
1 0.078125 0.8786458333333333 0.063671875 0.08697916666666666
1 0.184375 0.33489583333333334 0.02734375 0.0390625
1 0.487109375 0.43697916666666664 0.025 0.040625
1 0.655859375 0.3328125 0.0296875 0.03229166666666667
0 0.022265625 0.6161458333333333 0.04453125 0.06302083333333333
1 0.223828125 0.4791666666666667 0.028515625 0.03333333333333333
0 0.34140625 0.9895833333333334 0.014453125 0.0171875
1 0.27265625 0.5890625 0.024609375 0.027083333333333334
1 0.265625 0.9067708333333333 0.033984375 0.036458333333333336
1 0.034375 0.9651041666666667 0.02578125 0.03697916666666667
1 0.01640625 0.8015625 0.023046875 0.03177083333333333
1 0.562890625 0.7651041666666667 0.02734375 0.035416666666666666
1 0.401171875 0.8666666666666667 0.030859375 0.0390625
1 0.170703125 0.5864583333333333 0.029296875 0.03229166666666667
1 0.53203125 0.9177083333333333 0.0265625 0.036458333333333336
1 0.087890625 0.7322916666666667 0.025390625 0.03333333333333333
0 0.833203125 0.2635416666666667 0.06484375 0.08177083333333333
0 0.93125 0.63125 0.02890625 0.03229166666666667
1 0.56328125 0.7078125 0.0125 0.019270833333333334
1 0.987890625 0.15208333333333332 0.020703125 0.0328125