1 0.42421875 0.7265625 0.0703125 0.08958333333333333
1 0.682421875 0.6020833333333333 0.069140625 0.08854166666666667
1 0.759765625 0.8947916666666667 0.0671875 0.08020833333333334
1 0.371484375 0.5432291666666667 0.065234375 0.08958333333333333
1 0.486328125 0.675 0.0265625 0.030729166666666665
1 0.746484375 0.7020833333333333 0.0265625 0.0328125
1 0.59140625 0.990625 0.051171875 0.018229166666666668
1 0.52265625 0.340625 0.06328125 0.08385416666666666
1 0.88984375 0.5104166666666666 0.026171875 0.034375
1 0.89140625 0.8296875 0.0265625 0.0375
1 0.271484375 0.3229166666666667 0.070703125 0.08854166666666667
1 0.848828125 0.7177083333333333 0.0734375 0.07760416666666667
1 0.08671875 0.19114583333333332 0.040625 0.0375
1 0.98671875 0.15625 0.026171875 0.04114583333333333
1 0.011328125 0.30416666666666664 0.016015625 0.021875
0 0.46875 0.21510416666666668 0.02578125 0.028645833333333332
1 0.330078125 0.40677083333333336 0.028515625 0.03229166666666667
1 0.9296875 0.29322916666666665 0.02734375 0.0328125
1 0.4984375 0.9880208333333333 0.028125 0.023958333333333335
1 0.145703125 0.9182291666666667 0.07265625 0.08802083333333334
1 0.35703125 0.8901041666666667 0.026953125 0.03958333333333333
1 0.24140625 0.221875 0.025 0.0359375
1 0.37109375 0.2994791666666667 0.027734375 0.028125
1 0.835546875 0.0125 0.034765625 0.024479166666666666
1 0.216015625 0.3703125 0.024609375 0.0296875
1 0.90234375 0.0578125 0.0171875 0.035416666666666666
1 0.812890625 0.33229166666666665 0.030859375 0.0359375
1 0.9578125 0.5859375 0.028515625 0.0390625
1 0.2984375 0.7307291666666667 0.0234375 0.033854166666666664
1 0.041796875 0.7932291666666667 0.03046875 0.03177083333333333
1 0.0140625 0.6244791666666667 0.028125 0.033854166666666664
1 0.558203125 0.6083333333333333 0.024609375 0.036458333333333336
1 0.18515625 0.7625 0.029296875 0.03229166666666667
1 0.8625 0.9432291666666667 0.026953125 0.034895833333333334
1 0.974609375 0.39375 0.05078125 0.08489583333333334
1 0.638671875 0.8322916666666667 0.02890625 0.03802083333333333
0 0.211328125 0.5630208333333333 0.01875 0.03177083333333333
1 0.139453125 0.4322916666666667 0.066015625 0.08072916666666667
1 0.78046875 0.10104166666666667 0.065625 0.09322916666666667
1 0.536328125 0.8854166666666666 0.028125 0.035416666666666666
0 0.540234375 0.4640625 0.027734375 0.03125
0 0.625390625 0.32135416666666666 0.02734375 0.036458333333333336
1 0.588671875 0.08802083333333334 0.025 0.042708333333333334
1 0.725390625 0.4234375 0.02421875 0.03333333333333333
0 0.403515625 0.019270833333333334 0.033203125 0.0328125
1 0.86171875 0.13489583333333333 0.026171875 0.03333333333333333
1 0.956640625 0.9432291666666667 0.0640625 0.07708333333333334
1 0.125390625 0.646875 0.071484375 0.0890625