1 0.41484375 0.9921875 0.028125 0.015625
1 0.59296875 0.3828125 0.053515625 0.08385416666666666
1 0.7375 0.7932291666666667 0.02421875 0.0375
1 0.657421875 0.9354166666666667 0.028515625 0.03854166666666667
1 0.49453125 0.8822916666666667 0.029296875 0.03697916666666667
0 0.75390625 0.64375 0.026953125 0.03697916666666667
1 0.48359375 0.2671875 0.023046875 0.0375
1 0.682421875 0.7442708333333333 0.064453125 0.08958333333333333
1 0.46640625 0.7010416666666667 0.06171875 0.09166666666666666
1 0.753125 0.909375 0.056640625 0.08697916666666666
1 0.858984375 0.8109375 0.021875 0.036458333333333336
1 0.24609375 0.9380208333333333 0.03125 0.03177083333333333
1 0.43515625 0.525 0.026953125 0.0390625
1 0.385546875 0.946875 0.028125 0.04114583333333333
1 0.55 0.446875 0.02109375 0.04114583333333333
1 0.531640625 0.5994791666666667 0.02734375 0.03125
1 0.46484375 0.1484375 0.02734375 0.03177083333333333
1 0.450390625 0.34375 0.061328125 0.0828125
1 0.615625 0.5744791666666667 0.026953125 0.03697916666666667
1 0.6015625 0.8864583333333333 0.027734375 0.03854166666666667
0 0.400390625 0.23020833333333332 0.021484375 0.028125
1 0.3609375 0.14895833333333333 0.057421875 0.07239583333333334
0 0.09609375 0.3104166666666667 0.067578125 0.090625
1 0.53828125 0.30833333333333335 0.0234375 0.03125
1 0.51015625 0.7234375 0.023828125 0.0375
1 0.320703125 0.665625 0.02734375 0.036458333333333336
0 0.802734375 0.7208333333333333 0.0265625 0.036458333333333336
1 0.34296875 0.8708333333333333 0.03046875 0.041666666666666664
1 0.19140625 0.7244791666666667 0.032421875 0.03854166666666667
1 0.928125 0.9791666666666666 0.023046875 0.034895833333333334
1 0.9140625 0.7375 0.022265625 0.028125
1 0.12421875 0.7557291666666667 0.035546875 0.036458333333333336
1 0.29375 0.75 0.021875 0.027083333333333334
1 0.38125 0.3578125 0.0265625 0.03125
1 0.181640625 0.9057291666666667 0.026953125 0.040625
1 0.43984375 0.403125 0.025 0.0296875
1 0.28828125 0.5583333333333333 0.032421875 0.04010416666666667
1 0.825390625 0.9390625 0.023828125 0.03958333333333333
1 0.95 0.7015625 0.048046875 0.0640625
1 0.284375 0.1921875 0.0234375 0.034895833333333334
1 0.221875 0.22864583333333333 0.02265625 0.033854166666666664
1 0.7765625 0.5322916666666667 0.02421875 0.028125
0 0.0953125 0.5734375 0.066015625 0.0984375
1 0.0515625 0.940625 0.068359375 0.09583333333333334
1 0.266015625 0.40260416666666665 0.022265625 0.03177083333333333
1 0.73046875 0.5286458333333334 0.06015625 0.09010416666666667
1 0.708984375 0.4479166666666667 0.021484375 0.0328125
0 0.280078125 0.315625 0.063671875 0.08541666666666667
1 0.205078125 0.5651041666666666 0.030078125 0.034375
0 0.128125 0.040625 0.069921875 0.06145833333333333
0 0.214453125 0.10520833333333333 0.0375 0.034375
0 0.05546875 0.178125 0.03203125 0.0375
1 0.878515625 0.66875 0.05546875 0.078125
1 0.823046875 0.5390625 0.04375 0.051041666666666666
1 0.61796875 0.7057291666666666 0.023828125 0.030729166666666665
1 0.169921875 0.4010416666666667 0.027734375 0.040625
1 0.871875 0.584375 0.021875 0.027604166666666666
1 0.95703125 0.878125 0.05078125 0.08333333333333333
1 0.555859375 0.7671875 0.051953125 0.08697916666666666
1 0.687109375 0.6932291666666667 0.024609375 0.025520833333333333
1 0.63203125 0.43385416666666665 0.024609375 0.0296875