1 0.168359375 0.5020833333333333 0.073046875 0.09479166666666666
1 0.3015625 0.575 0.0296875 0.03854166666666667
1 0.465625 0.23385416666666667 0.03046875 0.0328125
1 0.22578125 0.7630208333333334 0.031640625 0.03802083333333333
0 0.53203125 0.6057291666666667 0.022265625 0.03229166666666667
1 0.413671875 0.6578125 0.07109375 0.0890625
1 0.1390625 0.38645833333333335 0.019140625 0.018229166666666668
1 0.580859375 0.365625 0.023828125 0.028645833333333332
1 0.3421875 0.74375 0.022265625 0.025520833333333333
1 0.9421875 0.23645833333333333 0.02734375 0.03333333333333333
1 0.51484375 0.9729166666666667 0.023046875 0.035416666666666666
1 0.90078125 0.6859375 0.012109375 0.01875
1 0.290625 0.9885416666666667 0.0265625 0.022916666666666665
1 0.5359375 0.98125 0.03359375 0.0375
0 0.179296875 0.9567708333333333 0.07265625 0.08645833333333333
1 0.456640625 0.8296875 0.02265625 0.03854166666666667
1 0.618359375 0.7208333333333333 0.064453125 0.09270833333333334
1 0.41328125 0.9572916666666667 0.0640625 0.08541666666666667
1 0.128125 0.8244791666666667 0.02578125 0.036458333333333336
1 0.866796875 0.5916666666666667 0.062109375 0.0796875
0 0.553125 0.8489583333333334 0.020703125 0.027604166666666666
0 0.84453125 0.4484375 0.026171875 0.0328125
0 0.740625 0.5182291666666666 0.0296875 0.03854166666666667
1 0.5953125 0.91875 0.0234375 0.021354166666666667
1 0.06328125 0.6208333333333333 0.02890625 0.0375
1 0.181640625 0.6119791666666666 0.025 0.036458333333333336
1 0.914453125 0.47708333333333336 0.025 0.027604166666666666
0 0.06171875 0.7286458333333333 0.02734375 0.033854166666666664
1 0.987109375 0.7921875 0.021484375 0.035416666666666666
0 0.280859375 0.8427083333333333 0.02578125 0.03333333333333333
1 0.778515625 0.9046875 0.028125 0.0390625
1 0.678515625 0.9828125 0.03203125 0.029166666666666667
1 0.96484375 0.7854166666666667 0.029296875 0.03958333333333333
1 0.671484375 0.8640625 0.029296875 0.0375
1 0.780859375 0.7734375 0.029296875 0.040625
1 0.8546875 0.8609375 0.025390625 0.035416666666666666
1 0.88359375 0.7182291666666667 0.028125 0.0390625
1 0.523828125 0.0859375 0.065625 0.084375
1 0.84296875 0.10729166666666666 0.069921875 0.0890625
1 0.205078125 0.23541666666666666 0.0296875 0.03697916666666667
1 0.678515625 0.23489583333333333 0.0296875 0.0328125
0 0.521875 0.28229166666666666 0.025390625 0.033854166666666664
1 0.741015625 0.03333333333333333 0.028125 0.033854166666666664
1 0.75703125 0.3203125 0.027734375 0.033854166666666664
1 0.8203125 0.27447916666666666 0.025390625 0.0375
1 0.14453125 0.1765625 0.02890625 0.03697916666666667
1 0.33125 0.06302083333333333 0.025390625 0.0359375
0 0.2765625 0.2296875 0.022265625 0.029166666666666667
0 0.32421875 0.3640625 0.024609375 0.0375
1 0.495703125 0.5203125 0.026953125 0.03229166666666667
1 0.11640625 0.47604166666666664 0.023828125 0.036458333333333336
1 0.90703125 0.3921875 0.026953125 0.0390625
1 0.66171875 0.43802083333333336 0.06015625 0.084375
1 0.08828125 0.39114583333333336 0.028125 0.035416666666666666
1 0.4125 0.4359375 0.064453125 0.08645833333333333