1 0.53046875 0.7895833333333333 0.0296875 0.0390625
1 0.31015625 0.190625 0.032421875 0.04114583333333333
1 0.066796875 0.5770833333333333 0.026171875 0.0390625
1 0.727734375 0.571875 0.02890625 0.04479166666666667
0 0.3515625 0.4552083333333333 0.03125 0.03697916666666667
1 0.4453125 0.340625 0.029296875 0.0375
1 0.452734375 0.7817708333333333 0.06171875 0.07291666666666667
1 0.62421875 0.7208333333333333 0.065625 0.08177083333333333
1 0.066796875 0.38645833333333335 0.06796875 0.0921875
1 0.2328125 0.8776041666666666 0.020703125 0.030208333333333334
1 0.352734375 0.7895833333333333 0.022265625 0.03333333333333333
1 0.400390625 0.8401041666666667 0.024609375 0.028645833333333332
1 0.5875 0.0296875 0.0203125 0.027604166666666666
0 0.705078125 0.8755208333333333 0.018359375 0.028125
1 0.696875 0.778125 0.022265625 0.028125
0 0.944140625 0.8119791666666667 0.019921875 0.028645833333333332
1 0.187109375 0.2713541666666667 0.0671875 0.0890625
1 0.279296875 0.4859375 0.06484375 0.08802083333333334
1 0.009765625 0.46041666666666664 0.019140625 0.041666666666666664
1 0.38359375 0.5880208333333333 0.01875 0.029166666666666667
0 0.338671875 0.696875 0.023046875 0.0375
1 0.962109375 0.13645833333333332 0.065234375 0.08541666666666667
1 0.78515625 0.7677083333333333 0.064453125 0.0921875
1 0.8984375 0.39895833333333336 0.065234375 0.08333333333333333
1 0.755078125 0.29583333333333334 0.058203125 0.08645833333333333
1 0.90546875 0.013020833333333334 0.054296875 0.026041666666666668
1 0.26015625 0.9515625 0.023046875 0.03333333333333333
1 0.59296875 0.6375 0.02265625 0.03854166666666667
1 0.5875 0.9192708333333334 0.0671875 0.08541666666666667
0 0.090625 0.9151041666666667 0.021484375 0.0359375
1 0.67265625 0.05625 0.0234375 0.028645833333333332
1 0.494140625 0.9697916666666667 0.026953125 0.033854166666666664
1 0.76328125 0.6625 0.025390625 0.034375
1 0.28671875 0.8135416666666667 0.05625 0.08072916666666667
0 0.50703125 0.5994791666666667 0.02734375 0.033854166666666664
0 0.0078125 0.8317708333333333 0.015234375 0.03854166666666667
0 0.9609375 0.7911458333333333 0.030078125 0.035416666666666666
0 0.25859375 0.6322916666666667 0.02109375 0.03333333333333333
1 0.533984375 0.3854166666666667 0.026171875 0.04010416666666667
1 0.662890625 0.43020833333333336 0.027734375 0.0359375
1 0.7640625 0.44166666666666665 0.01796875 0.024479166666666666
1 0.129296875 0.1203125 0.02421875 0.033854166666666664
1 0.2546875 0.0671875 0.02890625 0.0390625
1 0.566796875 0.8458333333333333 0.024609375 0.0328125
1 0.828125 0.4713541666666667 0.027734375 0.03697916666666667
1 0.884765625 0.5666666666666667 0.022265625 0.030208333333333334
1 0.534375 0.22916666666666666 0.028125 0.042708333333333334
1 0.609765625 0.3015625 0.02734375 0.041666666666666664
1 0.648046875 0.203125 0.025 0.027083333333333334
1 0.769140625 0.11666666666666667 0.026953125 0.028125
0 0.853125 0.2796875 0.02265625 0.035416666666666666
0 0.6171875 0.503125 0.054296875 0.09010416666666667
1 0.032421875 0.959375 0.06484375 0.08072916666666667
1 0.83203125 0.5895833333333333 0.063671875 0.08645833333333333
1 0.966015625 0.6317708333333333 0.065234375 0.0875
1 0.628125 0.09895833333333333 0.059765625 0.08072916666666667
0 0.8953125 0.7723958333333333 0.02578125 0.0296875
1 0.42578125 0.625 0.065234375 0.08229166666666667
1 0.176171875 0.9067708333333333 0.055078125 0.08125
1 0.189453125 0.6578125 0.059375 0.0828125
1 0.4125 0.2375 0.06171875 0.08697916666666666
1 0.377734375 0.9203125 0.051953125 0.07395833333333333
1 0.021875 0.08072916666666667 0.04375 0.0828125
1 0.513671875 0.021354166666666667 0.061328125 0.042708333333333334
1 0.186328125 0.028125 0.06796875 0.05625
1 0.351171875 0.01875 0.0625 0.03697916666666667
1 0.179296875 0.5072916666666667 0.028515625 0.036458333333333336
1 0.1671875 0.39791666666666664 0.0203125 0.030208333333333334
1 0.43828125 0.4708333333333333 0.033203125 0.0375
1 0.089453125 0.7541666666666667 0.065625 0.08072916666666667
1 0.105859375 0.2911458333333333 0.02265625 0.035416666666666666
1 0.45703125 0.096875 0.030078125 0.03333333333333333
0 0.8625 0.8817708333333333 0.02578125 0.030208333333333334
0 0.8359375 0.8901041666666667 0.026171875 0.027604166666666666