1 0.9125 0.5984375 0.012890625 0.015104166666666667
1 0.233984375 0.059895833333333336 0.024609375 0.03177083333333333
1 0.55078125 0.178125 0.02578125 0.0296875
1 0.81171875 0.696875 0.02421875 0.03854166666666667
1 0.7609375 0.0765625 0.02734375 0.03697916666666667
1 0.95625 0.321875 0.026953125 0.034895833333333334
1 0.837890625 0.9067708333333333 0.0296875 0.03958333333333333
1 0.8390625 0.17604166666666668 0.0265625 0.030729166666666665
1 0.923046875 0.03229166666666667 0.026953125 0.0359375
1 0.96953125 0.4973958333333333 0.060546875 0.07916666666666666
1 0.312890625 0.041666666666666664 0.064453125 0.0828125
1 0.398828125 0.0640625 0.025 0.033854166666666664
1 0.952734375 0.20729166666666668 0.065234375 0.084375
1 0.512109375 0.10052083333333334 0.058984375 0.07916666666666666
1 0.93125 0.9838541666666667 0.02734375 0.03177083333333333
1 0.8375 0.37447916666666664 0.028125 0.036458333333333336
1 0.6359375 0.0953125 0.026171875 0.034895833333333334
1 0.682421875 0.5203125 0.02578125 0.03697916666666667
1 0.638671875 0.571875 0.0203125 0.013020833333333334
1 0.601953125 0.63125 0.059765625 0.08489583333333334
1 0.621875 0.9119791666666667 0.03046875 0.035416666666666666
1 0.94375 0.7255208333333333 0.027734375 0.04010416666666667
1 0.521875 0.7390625 0.027734375 0.03958333333333333
1 0.6703125 0.8135416666666667 0.026171875 0.03958333333333333
1 0.524609375 0.9182291666666667 0.025 0.035416666666666666
1 0.180859375 0.9822916666666667 0.026953125 0.0328125
1 0.09609375 0.6791666666666667 0.019921875 0.026041666666666668
1 0.01796875 0.8302083333333333 0.025 0.028125
1 0.00859375 0.5791666666666667 0.0171875 0.0375
1 0.046875 0.7651041666666667 0.029296875 0.03802083333333333
1 0.03515625 0.9697916666666667 0.029296875 0.040625
1 0.392578125 0.415625 0.02421875 0.03697916666666667
1 0.3984375 0.6026041666666667 0.02578125 0.036458333333333336
1 0.0828125 0.2296875 0.021484375 0.027604166666666666
1 0.066015625 0.6125 0.0265625 0.04114583333333333
1 0.151953125 0.35833333333333334 0.025390625 0.04375
1 0.1796875 0.7671875 0.028125 0.041666666666666664
1 0.075 0.3578125 0.0328125 0.03802083333333333
1 0.48671875 0.3015625 0.021484375 0.0359375
1 0.055859375 0.38333333333333336 0.0265625 0.0453125
1 0.11015625 0.033854166666666664 0.02734375 0.03958333333333333
1 0.19140625 0.20364583333333333 0.02578125 0.042708333333333334
1 0.266015625 0.9322916666666666 0.028515625 0.040625
1 0.0578125 0.115625 0.02421875 0.0421875
1 0.404296875 0.8802083333333334 0.062890625 0.08541666666666667
1 0.501953125 0.43020833333333336 0.05625 0.084375
1 0.115625 0.7416666666666667 0.00859375 0.018229166666666668
1 0.05234375 0.6005208333333333 0.019921875 0.027083333333333334
1 0.498046875 0.6520833333333333 0.027734375 0.03697916666666667
1 0.278515625 0.44427083333333334 0.026171875 0.03333333333333333
1 0.3109375 0.24635416666666668 0.02734375 0.035416666666666666
0 0.383984375 0.2942708333333333 0.028125 0.034895833333333334
1 0.33125 0.7880208333333333 0.026953125 0.030729166666666665
1 0.0265625 0.9807291666666667 0.03203125 0.028125
1 0.180859375 0.5583333333333333 0.02890625 0.03697916666666667
1 0.259375 0.690625 0.014453125 0.015625
1 0.65 0.29270833333333335 0.030078125 0.0390625
1 0.754296875 0.4015625 0.03046875 0.0421875
1 0.3046875 0.5880208333333333 0.067578125 0.08645833333333333