0 0.753515625 0.9671875 0.065625 0.065625
1 0.348828125 0.30885416666666665 0.02734375 0.034375
1 0.608984375 0.28854166666666664 0.022265625 0.0375
0 0.340234375 0.6020833333333333 0.028515625 0.033854166666666664
1 0.2484375 0.25 0.02578125 0.03229166666666667
1 0.76796875 0.11197916666666667 0.018359375 0.03125
1 0.066796875 0.07447916666666667 0.023828125 0.030729166666666665
1 0.5375 0.15208333333333332 0.0203125 0.030208333333333334
1 0.66640625 0.3765625 0.020703125 0.0265625
1 0.0203125 0.47760416666666666 0.024609375 0.030729166666666665
1 0.986328125 0.4390625 0.026953125 0.09583333333333334
1 0.190234375 0.2875 0.019921875 0.027604166666666666
1 0.15859375 0.2604166666666667 0.02734375 0.03333333333333333
1 0.311328125 0.0640625 0.0234375 0.03177083333333333
1 0.184765625 0.8609375 0.024609375 0.030208333333333334
0 0.153125 0.7890625 0.023828125 0.034895833333333334
0 0.58203125 0.959375 0.022265625 0.03125
1 0.246484375 0.6791666666666667 0.063671875 0.0828125
1 0.96484375 0.7520833333333333 0.026953125 0.03229166666666667
1 0.301953125 0.984375 0.03125 0.03125
1 0.550390625 0.753125 0.02421875 0.03333333333333333
1 0.241015625 0.83125 0.02265625 0.03697916666666667
1 0.605859375 0.8375 0.027734375 0.03802083333333333
1 0.715234375 0.8390625 0.02734375 0.033854166666666664
1 0.089453125 0.6520833333333333 0.0296875 0.0359375
0 0.37890625 0.7682291666666666 0.0265625 0.0265625
1 0.4328125 0.8942708333333333 0.02734375 0.04010416666666667
1 0.007421875 0.7213541666666666 0.014453125 0.04375
0 0.807421875 0.7713541666666667 0.024609375 0.034375
0 0.313671875 0.7890625 0.019921875 0.027604166666666666
0 0.26484375 0.30833333333333335 0.018359375 0.0265625
0 0.71953125 0.753125 0.01796875 0.030208333333333334
1 0.3171875 0.20677083333333332 0.025390625 0.0328125
1 0.221484375 0.10989583333333333 0.031640625 0.0375
1 0.423828125 0.0765625 0.06640625 0.0890625
1 0.882421875 0.2520833333333333 0.062890625 0.084375
1 0.7140625 0.19583333333333333 0.06484375 0.08072916666666667
1 0.947265625 0.090625 0.025390625 0.0375
1 0.038671875 0.30520833333333336 0.067578125 0.08645833333333333
0 0.835546875 0.04791666666666667 0.021484375 0.025520833333333333
0 0.185546875 0.4161458333333333 0.015625 0.029166666666666667
1 0.51328125 0.9869791666666666 0.01875 0.026041666666666668
1 0.781640625 0.5901041666666667 0.02265625 0.03958333333333333
1 0.328125 0.8765625 0.02109375 0.026041666666666668
0 0.0109375 0.9291666666666667 0.021484375 0.03177083333333333
1 0.4875 0.35208333333333336 0.06328125 0.08697916666666666
1 0.888671875 0.6432291666666666 0.0625 0.084375
1 0.651171875 0.625 0.065625 0.08333333333333333
0 0.58671875 0.40260416666666665 0.021484375 0.03697916666666667
1 0.898828125 0.46041666666666664 0.025 0.034375
1 0.471875 0.6015625 0.057421875 0.07552083333333333
1 0.426171875 0.34479166666666666 0.024609375 0.030208333333333334
1 0.16328125 0.48385416666666664 0.023046875 0.0375
1 0.94296875 0.3333333333333333 0.021875 0.04010416666666667
1 0.719921875 0.5286458333333334 0.023828125 0.03229166666666667
1 0.821484375 0.18645833333333334 0.022265625 0.0375
1 0.66640625 0.0140625 0.054296875 0.028125
1 0.278515625 0.41458333333333336 0.02578125 0.034895833333333334
1 0.482421875 0.19270833333333334 0.025 0.0359375
1 0.540625 0.07395833333333333 0.024609375 0.034375
1 0.467578125 0.48125 0.026171875 0.034895833333333334
1 0.76640625 0.3703125 0.02890625 0.03333333333333333
1 0.570703125 0.5984375 0.026171875 0.03177083333333333