1 0.286328125 0.7208333333333333 0.022265625 0.034375
0 0.74921875 0.7380208333333333 0.028125 0.0390625
0 0.187109375 0.030729166666666665 0.023046875 0.022916666666666665
1 0.815625 0.428125 0.02578125 0.027604166666666666
1 0.978125 0.3380208333333333 0.030078125 0.030729166666666665
1 0.101171875 0.640625 0.025 0.0359375
1 0.868359375 0.30885416666666665 0.0265625 0.033854166666666664
1 0.08828125 0.3651041666666667 0.02578125 0.035416666666666666
1 0.7640625 0.47239583333333335 0.032421875 0.034375
1 0.3515625 0.45 0.04453125 0.06666666666666667
1 0.887890625 0.04114583333333333 0.023046875 0.0359375
1 0.53671875 0.45989583333333334 0.048828125 0.0703125
1 0.49296875 0.35104166666666664 0.02109375 0.030208333333333334
1 0.20703125 0.2838541666666667 0.02890625 0.033854166666666664
1 0.438671875 0.2942708333333333 0.02890625 0.03229166666666667
1 0.7390625 0.8833333333333333 0.058203125 0.071875
1 0.122265625 0.48541666666666666 0.0609375 0.08802083333333334
1 0.271875 0.5291666666666667 0.05625 0.0875
1 0.570703125 0.06666666666666667 0.0265625 0.0296875
1 0.6015625 0.6796875 0.021484375 0.028125
1 0.657421875 0.7776041666666667 0.027734375 0.03958333333333333
1 0.2796875 0.3302083333333333 0.027734375 0.034375
1 0.395703125 0.6520833333333333 0.023828125 0.0296875
1 0.366015625 0.5619791666666667 0.028125 0.034895833333333334
1 0.304296875 0.06145833333333333 0.029296875 0.036458333333333336
1 0.4640625 0.051041666666666666 0.0296875 0.034895833333333334
1 0.826953125 0.059375 0.030859375 0.036458333333333336
1 0.944140625 0.8963541666666667 0.05625 0.08385416666666666
1 0.4984375 0.7927083333333333 0.0234375 0.030208333333333334
1 0.866796875 0.5635416666666667 0.029296875 0.03854166666666667
1 0.4609375 0.5182291666666666 0.056640625 0.078125
1 0.828125 0.7494791666666667 0.054296875 0.07916666666666666
1 0.656640625 0.05 0.058203125 0.07395833333333333
1 0.943359375 0.04010416666666667 0.059765625 0.0796875
1 0.615234375 0.6234375 0.06015625 0.08125
1 0.953125 0.6416666666666667 0.06328125 0.08020833333333334
1 0.202734375 0.7015625 0.06015625 0.0796875
1 0.3625 0.7072916666666667 0.058203125 0.08229166666666667
1 0.75625 0.5786458333333333 0.05859375 0.07864583333333333
1 0.53671875 0.8822916666666667 0.06015625 0.07708333333333334
1 0.678125 0.9364583333333333 0.023828125 0.034375
1 0.2265625 0.40572916666666664 0.0234375 0.03125
1 0.965625 0.8640625 0.02109375 0.028125
1 0.428125 0.8588541666666667 0.027734375 0.03333333333333333
1 0.61796875 0.8963541666666667 0.026171875 0.028645833333333332
1 0.101953125 0.4375 0.012109375 0.015104166666666667
0 0.896875 0.8703125 0.023828125 0.03229166666666667
1 0.8484375 0.9041666666666667 0.025 0.033854166666666664
1 0.423828125 0.7239583333333334 0.021875 0.03177083333333333
1 0.96328125 0.9427083333333334 0.0203125 0.029166666666666667
1 0.15 0.7833333333333333 0.027734375 0.0359375
1 0.098046875 0.8994791666666667 0.05625 0.0859375
1 0.29296875 0.953125 0.025390625 0.040625
1 0.2 0.9802083333333333 0.0578125 0.03958333333333333
1 0.322265625 0.8354166666666667 0.02578125 0.034375
1 0.0609375 0.9401041666666666 0.01640625 0.029166666666666667
0 0.225390625 0.9505208333333334 0.01640625 0.016666666666666666
0 0.152734375 0.8369791666666667 0.02578125 0.03802083333333333
1 0.531640625 0.6046875 0.025 0.034895833333333334
0 0.23984375 0.221875 0.033984375 0.03802083333333333
0 0.8421875 0.09895833333333333 0.026171875 0.0328125
0 0.63046875 0.40520833333333334 0.02421875 0.03125
1 0.694140625 0.3546875 0.057421875 0.075
1 0.8484375 0.025520833333333333 0.01171875 0.029166666666666667
0 0.69609375 0.6791666666666667 0.025390625 0.033854166666666664
1 0.575390625 0.0067708333333333336 0.026953125 0.013020833333333334
1 0.9890625 0.5239583333333333 0.021875 0.035416666666666666
0 0.496875 0.6979166666666666 0.045703125 0.07291666666666667
1 0.570703125 0.3125 0.03125 0.03229166666666667
1 0.04296875 0.6880208333333333 0.013671875 0.0203125
1 0.327734375 0.7046875 0.01328125 0.027083333333333334
0 0.29765625 0.6479166666666667 0.026953125 0.0359375
1 0.756640625 0.37135416666666665 0.026953125 0.03333333333333333
1 0.666796875 0.5072916666666667 0.0515625 0.05572916666666667
1 0.006640625 0.0125 0.012890625 0.024479166666666666
1 0.069140625 0.4359375 0.017578125 0.0265625
1 0.418359375 0.39375 0.029296875 0.036458333333333336
1 0.2828125 0.47708333333333336 0.012109375 0.022395833333333334
0 0.191015625 0.5348958333333333 0.026953125 0.03697916666666667
1 0.02890625 0.6989583333333333 0.011328125 0.015104166666666667
1 0.918359375 0.99375 0.02109375 0.0125
1 0.345703125 0.33125 0.025390625 0.03177083333333333
1 0.446484375 0.46197916666666666 0.019140625 0.03229166666666667
0 0.879296875 0.6921875 0.025 0.030729166666666665
1 0.522265625 0.5473958333333333 0.021484375 0.029166666666666667
0 0.66328125 0.63125 0.020703125 0.0234375
1 0.855859375 0.3625 0.024609375 0.034375