1 0.840625 0.7052083333333333 0.02421875 0.036458333333333336
1 0.25 0.9557291666666666 0.023828125 0.04114583333333333
0 0.268359375 0.44166666666666665 0.057421875 0.084375
1 0.15859375 0.653125 0.02265625 0.034375
1 0.028125 0.4671875 0.03203125 0.03333333333333333
1 0.43046875 0.6734375 0.025 0.03229166666666667
1 0.7859375 0.9145833333333333 0.06015625 0.08802083333333334
1 0.866015625 0.9557291666666666 0.02734375 0.03125
1 0.68984375 0.2734375 0.062109375 0.0875
1 0.9296875 0.11770833333333333 0.07109375 0.0796875
1 0.209765625 0.275 0.0265625 0.033854166666666664
1 0.41484375 0.49114583333333334 0.02890625 0.041666666666666664
1 0.85390625 0.059375 0.021484375 0.03229166666666667
0 0.319140625 0.22916666666666666 0.036328125 0.030208333333333334
1 0.985546875 0.7645833333333333 0.028515625 0.03802083333333333
1 0.281640625 0.6140625 0.0234375 0.035416666666666666
1 0.4625 0.8307291666666666 0.024609375 0.0390625
1 0.909765625 0.9723958333333333 0.025390625 0.034375
1 0.7640625 0.5114583333333333 0.02265625 0.03177083333333333
1 0.57734375 0.9703125 0.027734375 0.034895833333333334
1 0.676953125 0.9463541666666667 0.020703125 0.0296875
1 0.358203125 0.6895833333333333 0.027734375 0.041666666666666664
1 0.6125 0.8447916666666667 0.07109375 0.0890625
1 0.1578125 0.3963541666666667 0.026953125 0.0375
1 0.98828125 0.9473958333333333 0.0234375 0.07708333333333334
0 0.497265625 0.8734375 0.01875 0.016145833333333335
1 0.987890625 0.7994791666666666 0.02421875 0.03125
1 0.861328125 0.25833333333333336 0.02421875 0.034375
1 0.571875 0.328125 0.03046875 0.03802083333333333
1 0.751171875 0.09583333333333334 0.0265625 0.04010416666666667
1 0.1890625 0.5328125 0.02578125 0.041666666666666664
1 0.4921875 0.0296875 0.026953125 0.0328125
1 0.469921875 0.08541666666666667 0.028125 0.036458333333333336
1 0.098046875 0.196875 0.03046875 0.034375
1 0.10078125 0.046875 0.025390625 0.0359375
1 0.019140625 0.22760416666666666 0.026171875 0.041666666666666664
1 0.4703125 0.36822916666666666 0.07109375 0.09010416666666667
0 0.353125 0.034895833333333334 0.06640625 0.06927083333333334
1 0.99375 0.44895833333333335 0.0125 0.03333333333333333
1 0.209765625 0.016145833333333335 0.0296875 0.03229166666666667
1 0.694921875 0.5661458333333333 0.06640625 0.08697916666666666
1 0.56328125 0.16979166666666667 0.028515625 0.03177083333333333
0 0.202734375 0.2109375 0.044921875 0.058333333333333334
1 0.78515625 0.3651041666666667 0.02734375 0.0328125
1 0.341796875 0.328125 0.0296875 0.0359375
1 0.87578125 0.5723958333333333 0.06796875 0.08958333333333333
1 0.59296875 0.646875 0.023828125 0.0390625
1 0.58828125 0.4942708333333333 0.031640625 0.0421875
1 0.92578125 0.353125 0.069921875 0.08020833333333334
0 0.544140625 0.49166666666666664 0.0375 0.05416666666666667
1 0.991796875 0.6005208333333333 0.01640625 0.03958333333333333
1 0.193359375 0.840625 0.023828125 0.03802083333333333
1 0.320703125 0.8786458333333333 0.02421875 0.0296875
1 0.09296875 0.7234375 0.06484375 0.08072916666666667
1 0.087109375 0.7979166666666667 0.063671875 0.08020833333333334
1 0.490234375 0.6604166666666667 0.066015625 0.08489583333333334
1 0.280859375 0.7932291666666667 0.066015625 0.08958333333333333
1 0.425 0.9765625 0.0640625 0.046875
1 0.707421875 0.7192708333333333 0.027734375 0.0390625
1 0.918359375 0.7682291666666666 0.024609375 0.030729166666666665
1 0.8234375 0.8604166666666667 0.0234375 0.034895833333333334