1 0.92578125 0.740625 0.043359375 0.06666666666666667
1 0.6625 0.0140625 0.0484375 0.028125
1 0.976171875 0.08125 0.04765625 0.06875
1 0.8984375 0.275 0.10234375 0.12916666666666668
1 0.09140625 0.5859375 0.11875 0.1359375
1 0.233984375 0.45677083333333335 0.04296875 0.059895833333333336
1 0.12421875 0.19739583333333333 0.05234375 0.059895833333333336
1 0.66640625 0.6057291666666667 0.049609375 0.07083333333333333
1 0.469921875 0.4640625 0.051953125 0.06979166666666667
1 0.928125 0.6161458333333333 0.051171875 0.06666666666666667
1 0.756640625 0.41354166666666664 0.0546875 0.059375
1 0.462109375 0.33229166666666665 0.049609375 0.059895833333333336
1 0.648828125 0.8807291666666667 0.056640625 0.0640625
1 0.2859375 0.6630208333333333 0.046875 0.04791666666666667
0 0.294140625 0.43333333333333335 0.04453125 0.053125
0 0.8546875 0.8322916666666667 0.051171875 0.04479166666666667
1 0.756640625 0.9015625 0.0484375 0.04010416666666667
1 0.44765625 0.9109375 0.05859375 0.0625
1 0.471484375 0.6848958333333334 0.10859375 0.11822916666666666
1 0.299609375 0.7734375 0.05 0.05625
1 0.11640625 0.9135416666666667 0.054296875 0.05520833333333333
0 0.021875 0.7895833333333333 0.04375 0.041666666666666664
1 0.3171875 0.18333333333333332 0.102734375 0.12552083333333333
1 0.558984375 0.20208333333333334 0.100390625 0.11770833333333333