0 0.793359375 0.7401041666666667 0.06484375 0.08385416666666666
1 0.23125 0.384375 0.02578125 0.035416666666666666
1 0.5125 0.8802083333333334 0.02734375 0.036458333333333336
1 0.772265625 0.6880208333333333 0.020703125 0.03229166666666667
1 0.858984375 0.7109375 0.019921875 0.03125
1 0.13203125 0.6411458333333333 0.03046875 0.0375
1 0.112890625 0.8723958333333334 0.02890625 0.03958333333333333
1 0.13828125 0.20729166666666668 0.022265625 0.0328125
1 0.10390625 0.3375 0.022265625 0.03229166666666667
1 0.441796875 0.3541666666666667 0.02890625 0.04010416666666667
1 0.61484375 0.784375 0.030859375 0.04114583333333333
1 0.363671875 0.7114583333333333 0.028125 0.040625
0 0.069921875 0.6697916666666667 0.01796875 0.026041666666666668
1 0.053125 0.4328125 0.019921875 0.024479166666666666
1 0.365234375 0.9114583333333334 0.062890625 0.08229166666666667
0 0.037890625 0.7166666666666667 0.061328125 0.07760416666666667
1 0.204296875 0.9911458333333333 0.0546875 0.017708333333333333
1 0.12265625 0.9776041666666667 0.0203125 0.026041666666666668
0 0.2734375 0.8739583333333333 0.025 0.027604166666666666
1 0.7015625 0.503125 0.0515625 0.06510416666666667
1 0.65625 0.6661458333333333 0.06015625 0.08125
1 0.62734375 0.5260416666666666 0.0265625 0.027604166666666666
1 0.01796875 0.584375 0.0296875 0.03125
1 0.516796875 0.5119791666666667 0.03203125 0.035416666666666666
1 0.544140625 0.6703125 0.028125 0.03802083333333333
1 0.845703125 0.9666666666666667 0.024609375 0.04114583333333333
1 0.24921875 0.2671875 0.026953125 0.035416666666666666
0 0.881640625 0.840625 0.048828125 0.090625
0 0.792578125 0.6239583333333333 0.0453125 0.06770833333333333
1 0.248046875 0.5510416666666667 0.03125 0.030729166666666665
1 0.33515625 0.765625 0.032421875 0.04114583333333333
1 0.4109375 0.5458333333333333 0.06484375 0.084375
1 0.90390625 0.9166666666666666 0.0234375 0.036458333333333336
1 0.00859375 0.1796875 0.0171875 0.026041666666666668
1 0.09140625 0.2640625 0.059375 0.08229166666666667
0 0.967578125 0.8984375 0.054296875 0.08385416666666666
1 0.96328125 0.8088541666666667 0.0265625 0.03697916666666667
1 0.2921875 0.9640625 0.02890625 0.028645833333333332
1 0.401953125 0.2828125 0.024609375 0.025
0 0.193359375 0.9130208333333333 0.024609375 0.036458333333333336
0 0.0890625 0.15416666666666667 0.015625 0.016145833333333335
1 0.679296875 0.5859375 0.02421875 0.033854166666666664
1 0.730859375 0.9369791666666667 0.02890625 0.0375
1 0.9171875 0.9864583333333333 0.022265625 0.027083333333333334
1 0.807421875 0.8541666666666666 0.019921875 0.03229166666666667
1 0.1328125 0.4270833333333333 0.06015625 0.07708333333333334
1 0.541796875 0.41302083333333334 0.051953125 0.07239583333333334
1 0.340234375 0.3494791666666667 0.057421875 0.07708333333333334
1 0.6546875 0.9015625 0.068359375 0.08958333333333333
1 0.196875 0.7609375 0.023046875 0.03333333333333333
0 0.161328125 0.8333333333333334 0.025 0.03125
1 0.708203125 0.6927083333333334 0.027734375 0.03229166666666667
1 0.30078125 0.45625 0.027734375 0.0296875
1 0.712109375 0.846875 0.026953125 0.03854166666666667