1 0.355859375 0.290625 0.026953125 0.033854166666666664
1 0.034375 0.153125 0.027734375 0.0359375
1 0.18046875 0.6802083333333333 0.02734375 0.036458333333333336
1 0.33046875 0.3541666666666667 0.034765625 0.06770833333333333
1 0.246484375 0.18333333333333332 0.023046875 0.026041666666666668
1 0.087890625 0.7442708333333333 0.05625 0.06927083333333334
1 0.280859375 0.9473958333333333 0.025 0.0375
1 0.471875 0.2791666666666667 0.031640625 0.03802083333333333
1 0.6140625 0.9729166666666667 0.023046875 0.029166666666666667
1 0.1140625 0.953125 0.05859375 0.0671875
1 0.1546875 0.1796875 0.051171875 0.06875
1 0.256640625 0.51875 0.026953125 0.03697916666666667
0 0.72890625 0.7385416666666667 0.021484375 0.030729166666666665
1 0.375 0.90625 0.065234375 0.0796875
1 0.221875 0.9416666666666667 0.02734375 0.0375
1 0.409375 0.49322916666666666 0.02734375 0.034895833333333334
1 0.05234375 0.5026041666666666 0.027734375 0.03697916666666667
0 0.7046875 0.8380208333333333 0.024609375 0.0265625
1 0.45078125 0.7494791666666667 0.062109375 0.07291666666666667
1 0.77578125 0.5817708333333333 0.025390625 0.023958333333333335
1 0.25625 0.8010416666666667 0.03046875 0.03697916666666667
1 0.40390625 0.4005208333333333 0.067578125 0.06927083333333334
1 0.005078125 0.6927083333333334 0.01015625 0.036458333333333336
1 0.501171875 0.40729166666666666 0.0234375 0.027083333333333334
1 0.769921875 0.453125 0.029296875 0.033854166666666664
0 0.25859375 0.309375 0.0640625 0.0578125
0 0.691015625 0.20989583333333334 0.019140625 0.028125
1 0.180859375 0.7994791666666666 0.028515625 0.035416666666666666
1 0.322265625 0.43854166666666666 0.021484375 0.03125
1 0.331640625 0.7463541666666667 0.02265625 0.029166666666666667
1 0.15078125 0.3145833333333333 0.05390625 0.065625
0 0.325 0.6567708333333333 0.025 0.029166666666666667
0 0.392578125 0.09791666666666667 0.024609375 0.033854166666666664
1 0.605078125 0.271875 0.0671875 0.084375
0 0.78046875 0.7885416666666667 0.06015625 0.09635416666666667
1 0.44140625 0.13697916666666668 0.023828125 0.030729166666666665
0 0.5015625 0.5239583333333333 0.016796875 0.022395833333333334
1 0.521484375 0.17552083333333332 0.025 0.03697916666666667
1 0.09609375 0.8125 0.01328125 0.016145833333333335
1 0.4875 0.6895833333333333 0.023828125 0.03229166666666667
0 0.553515625 0.08385416666666666 0.0375 0.03125
0 0.16171875 0.5067708333333333 0.034375 0.04635416666666667
1 0.648828125 0.9109375 0.06328125 0.075
1 0.560546875 0.38645833333333335 0.06484375 0.07916666666666666
1 0.282421875 0.7088541666666667 0.060546875 0.078125
1 0.386328125 0.20052083333333334 0.057421875 0.0828125
1 0.0875 0.4109375 0.06171875 0.06770833333333333
1 0.29921875 0.6203125 0.022265625 0.025520833333333333
1 0.619921875 0.7432291666666667 0.069921875 0.06666666666666667
0 0.663671875 0.646875 0.0265625 0.030729166666666665
1 0.073828125 0.6364583333333333 0.030859375 0.0421875
1 0.273828125 0.8734375 0.021875 0.028645833333333332
0 0.766796875 0.29322916666666665 0.034765625 0.052083333333333336
1 0.54765625 0.29375 0.023046875 0.030208333333333334
1 0.394140625 0.7864583333333334 0.02421875 0.029166666666666667
1 0.207421875 0.38958333333333334 0.026953125 0.023958333333333335
0 0.70625 0.33489583333333334 0.026953125 0.0359375
1 0.3234375 0.10989583333333333 0.019921875 0.0265625
0 0.092578125 0.3229166666666667 0.025390625 0.034375
1 0.528125 0.9328125 0.026171875 0.03125
0 0.65859375 0.471875 0.02890625 0.03229166666666667
1 0.60703125 0.340625 0.024609375 0.0296875
1 0.308203125 0.2265625 0.0171875 0.033854166666666664
0 0.09765625 0.8416666666666667 0.01875 0.0328125
1 0.285546875 0.22604166666666667 0.02890625 0.036458333333333336
1 0.0484375 0.24375 0.058203125 0.0734375
1 0.101171875 0.20729166666666668 0.02734375 0.0375
0 0.56796875 0.48854166666666665 0.0265625 0.033854166666666664
1 0.5375 0.7666666666666667 0.02421875 0.034375
1 0.02734375 0.8552083333333333 0.028125 0.035416666666666666
1 0.009765625 0.9328125 0.019140625 0.033854166666666664