1 0.857421875 0.5098958333333333 0.026953125 0.0375
0 0.78046875 0.765625 0.023828125 0.03802083333333333
1 0.16875 0.6541666666666667 0.02578125 0.030208333333333334
1 0.66875 0.7921875 0.05703125 0.0765625
1 0.41875 0.9484375 0.02421875 0.034895833333333334
0 0.2890625 0.46510416666666665 0.02890625 0.0375
1 0.895703125 0.059895833333333336 0.020703125 0.021875
1 0.551171875 0.9609375 0.026171875 0.03697916666666667
1 0.882421875 0.1953125 0.055078125 0.07447916666666667
1 0.99609375 0.7734375 0.007421875 0.028125
1 0.053515625 0.15729166666666666 0.025390625 0.03177083333333333
1 0.57734375 0.2984375 0.023046875 0.035416666666666666
1 0.625390625 0.09739583333333333 0.050390625 0.06302083333333333
1 0.312109375 0.7260416666666667 0.0203125 0.03177083333333333
1 0.137109375 0.18072916666666666 0.058984375 0.065625
1 0.2765625 0.26197916666666665 0.025390625 0.03697916666666667
0 0.6296875 0.22395833333333334 0.03046875 0.0375
1 0.173046875 0.5421875 0.061328125 0.08385416666666666
1 0.266015625 0.6390625 0.05546875 0.07447916666666667
1 0.271875 0.43125 0.01484375 0.011458333333333333
1 0.21171875 0.203125 0.02578125 0.034375
1 0.267578125 0.11666666666666667 0.023046875 0.0296875
1 0.55 0.10677083333333333 0.022265625 0.027604166666666666
1 0.6421875 0.5015625 0.0234375 0.035416666666666666
1 0.51484375 0.8223958333333333 0.057421875 0.07708333333333334
1 0.72109375 0.13958333333333334 0.027734375 0.033854166666666664
0 0.519140625 0.7229166666666667 0.028125 0.03697916666666667
1 0.43984375 0.11197916666666667 0.02578125 0.030208333333333334
1 0.8234375 0.09114583333333333 0.053515625 0.06197916666666667
1 0.88671875 0.803125 0.062109375 0.08229166666666667
1 0.49765625 0.5338541666666666 0.023828125 0.03177083333333333
1 0.77109375 0.25052083333333336 0.057421875 0.078125
1 0.3109375 0.16145833333333334 0.05546875 0.07395833333333333
1 0.178515625 0.30104166666666665 0.0625 0.06822916666666666
1 0.51171875 0.18385416666666668 0.05546875 0.0765625
1 0.391015625 0.22083333333333333 0.054296875 0.06979166666666667
1 0.47734375 0.2125 0.024609375 0.030729166666666665
1 0.380859375 0.6520833333333333 0.0265625 0.033854166666666664
1 0.396875 0.4276041666666667 0.028125 0.03125
1 0.573828125 0.4125 0.0609375 0.08229166666666667
1 0.02578125 0.45625 0.051171875 0.08072916666666667
1 0.116796875 0.3958333333333333 0.0125 0.016666666666666666
1 0.837109375 0.36614583333333334 0.029296875 0.03802083333333333
1 0.612890625 0.865625 0.025 0.03854166666666667
1 0.059375 0.790625 0.055859375 0.07447916666666667
1 0.615234375 0.6541666666666667 0.03046875 0.0375
1 0.044140625 0.3671875 0.0265625 0.033854166666666664
0 0.4515625 0.325 0.028125 0.03854166666666667
1 0.6828125 0.6828125 0.02734375 0.034895833333333334
1 0.032421875 0.640625 0.0609375 0.078125
1 0.220703125 0.5708333333333333 0.0234375 0.033854166666666664
1 0.74609375 0.58125 0.055859375 0.0765625
1 0.876171875 0.6479166666666667 0.02578125 0.03958333333333333
0 0.454296875 0.7744791666666667 0.023828125 0.03333333333333333
1 0.170703125 0.8098958333333334 0.055859375 0.078125
1 0.5546875 0.5338541666666666 0.029296875 0.042708333333333334
1 0.0203125 0.5223958333333333 0.02421875 0.0296875
1 0.323046875 0.6651041666666667 0.0125 0.016145833333333335
1 0.0578125 0.7010416666666667 0.02265625 0.028645833333333332
1 0.2 0.37916666666666665 0.029296875 0.033854166666666664
1 0.1015625 0.5046875 0.023828125 0.030729166666666665
1 0.962890625 0.26614583333333336 0.025 0.030729166666666665
1 0.327734375 0.24427083333333333 0.02421875 0.028645833333333332
1 0.338671875 0.3625 0.060546875 0.07760416666666667
0 0.727734375 0.3 0.022265625 0.03229166666666667
1 0.115234375 0.8932291666666666 0.025 0.034375
1 0.141015625 0.98125 0.028125 0.03697916666666667
0 0.016796875 0.878125 0.026171875 0.036458333333333336
1 0.959375 0.1359375 0.027734375 0.0328125
1 0.905859375 0.340625 0.026171875 0.033854166666666664
1 0.95078125 0.5114583333333333 0.0203125 0.0296875
1 0.659765625 0.9598958333333333 0.020703125 0.029166666666666667
1 0.32109375 0.8114583333333333 0.0578125 0.07395833333333333
1 0.4078125 0.8427083333333333 0.019140625 0.026041666666666668
1 0.728515625 0.4921875 0.02421875 0.0296875
1 0.723828125 0.9333333333333333 0.030078125 0.03802083333333333
1 0.375390625 0.8630208333333333 0.024609375 0.030729166666666665
1 0.96015625 0.971875 0.023828125 0.030208333333333334
1 0.0875 0.26927083333333335 0.025 0.03333333333333333
1 0.810546875 0.9401041666666666 0.026953125 0.0390625
1 0.18515625 0.6859375 0.017578125 0.026041666666666668
1 0.80625 0.20677083333333332 0.026171875 0.033854166666666664
1 0.98671875 0.20104166666666667 0.0265625 0.07604166666666666
1 0.256640625 0.9411458333333333 0.028125 0.03125
1 0.723828125 0.41458333333333336 0.05625 0.07760416666666667
1 0.9515625 0.3697916666666667 0.01484375 0.019791666666666666
1 0.48125 0.6177083333333333 0.059765625 0.084375
1 0.09453125 0.6145833333333334 0.02265625 0.029166666666666667
1 0.96640625 0.8380208333333333 0.02578125 0.0359375
1 0.378125 0.13072916666666667 0.026171875 0.034895833333333334
1 0.0265625 0.25885416666666666 0.053125 0.071875
1 0.97109375 0.575 0.057421875 0.08020833333333334