0 0.61796875 0.20989583333333334 0.02421875 0.03802083333333333
1 0.93984375 0.08020833333333334 0.03046875 0.0296875
1 0.109765625 0.16927083333333334 0.0234375 0.029166666666666667
0 0.2453125 0.0671875 0.027734375 0.03958333333333333
1 0.014453125 0.05260416666666667 0.028515625 0.03854166666666667
1 0.72734375 0.07604166666666666 0.03359375 0.0375
1 0.95 0.5447916666666667 0.070703125 0.08385416666666666
1 0.6 0.3145833333333333 0.028515625 0.03125
1 0.673046875 0.3729166666666667 0.028125 0.043229166666666666
1 0.617578125 0.06875 0.0296875 0.0390625
1 0.544921875 0.11354166666666667 0.023046875 0.035416666666666666
1 0.344921875 0.09322916666666667 0.0625 0.090625
1 0.813671875 0.017708333333333333 0.02734375 0.035416666666666666
1 0.751171875 0.5864583333333333 0.023046875 0.027604166666666666
1 0.133203125 0.89375 0.0234375 0.03125
1 0.22265625 0.88125 0.065234375 0.0921875
1 0.269140625 0.703125 0.0640625 0.08697916666666666
1 0.79921875 0.8671875 0.065234375 0.08020833333333334
0 0.38203125 0.9260416666666667 0.01953125 0.028125
0 0.49609375 0.2609375 0.02265625 0.027604166666666666
1 0.044921875 0.41510416666666666 0.028515625 0.0421875
1 0.06015625 0.8333333333333334 0.065625 0.08020833333333334
1 0.62109375 0.7546875 0.065234375 0.07708333333333334
0 0.3984375 0.9057291666666667 0.03125 0.036458333333333336
1 0.403125 0.7453125 0.066015625 0.0875
1 0.144921875 0.07239583333333334 0.06796875 0.0875
1 0.528515625 0.42291666666666666 0.066015625 0.0890625
1 0.56015625 0.6151041666666667 0.068359375 0.09010416666666667
1 0.200390625 0.7755208333333333 0.026171875 0.034375
1 0.208984375 0.2328125 0.0296875 0.036458333333333336
1 0.699609375 0.7484375 0.024609375 0.0328125
1 0.099609375 0.5421875 0.028515625 0.03802083333333333
1 0.26640625 0.5838541666666667 0.028125 0.0375
1 0.084375 0.3145833333333333 0.026171875 0.0265625
1 0.063671875 0.2125 0.062890625 0.08333333333333333
1 0.321484375 0.6807291666666667 0.024609375 0.0328125
1 0.524609375 0.7369791666666666 0.02265625 0.035416666666666666
1 0.029296875 0.7510416666666667 0.027734375 0.0375
1 0.19296875 0.4083333333333333 0.05859375 0.08697916666666666
0 0.053125 0.6213541666666667 0.05625 0.0828125
1 0.02109375 0.1421875 0.022265625 0.028645833333333332
1 0.541015625 0.2484375 0.03671875 0.052083333333333336
1 0.476953125 0.15677083333333333 0.02890625 0.030729166666666665
0 0.29140625 0.3963541666666667 0.02578125 0.0296875
0 0.492578125 0.8416666666666667 0.0265625 0.0421875
1 0.336328125 0.5114583333333333 0.065234375 0.084375
1 0.796484375 0.5182291666666666 0.019140625 0.03333333333333333
1 0.57734375 0.4953125 0.027734375 0.028645833333333332
0 0.440234375 0.37552083333333336 0.024609375 0.03697916666666667
1 0.401171875 0.25 0.0640625 0.08645833333333333
1 0.166015625 0.6859375 0.026953125 0.04375
0 0.494921875 0.6010416666666667 0.02265625 0.028125
1 0.478125 0.040625 0.0640625 0.08125
1 0.981640625 0.008854166666666666 0.02890625 0.017708333333333333
0 0.14296875 0.9869791666666666 0.026953125 0.026041666666666668
1 0.796875 0.4421875 0.023828125 0.03854166666666667
1 0.937890625 0.3255208333333333 0.0265625 0.036458333333333336
1 0.917578125 0.23125 0.02421875 0.033854166666666664
1 0.888671875 0.4276041666666667 0.02578125 0.026041666666666668
1 0.790234375 0.25625 0.0265625 0.041666666666666664
1 0.20234375 0.5541666666666667 0.019140625 0.025520833333333333
1 0.675 0.5265625 0.0640625 0.08697916666666666
1 0.8453125 0.14166666666666666 0.06484375 0.08489583333333334
1 0.694140625 0.2786458333333333 0.070703125 0.09479166666666666
1 0.69765625 0.2125 0.021484375 0.027604166666666666
1 0.89296875 0.4515625 0.02421875 0.029166666666666667
1 0.85 0.6072916666666667 0.064453125 0.08541666666666667
0 0.720703125 0.35104166666666664 0.01796875 0.024479166666666666
1 0.329296875 0.8859375 0.0296875 0.0296875
1 0.642578125 0.653125 0.024609375 0.03177083333333333