1 0.026953125 0.6552083333333333 0.029296875 0.03177083333333333
1 0.006640625 0.4244791666666667 0.01328125 0.036458333333333336
1 0.02578125 0.5515625 0.0296875 0.0375
1 0.4328125 0.10572916666666667 0.057421875 0.0734375
1 0.409375 0.4734375 0.027734375 0.03333333333333333
1 0.567578125 0.35572916666666665 0.0203125 0.034375
0 0.628515625 0.5703125 0.020703125 0.0296875
1 0.516015625 0.5546875 0.026171875 0.03697916666666667
1 0.42890625 0.2635416666666667 0.02578125 0.036458333333333336
1 0.306640625 0.3958333333333333 0.025 0.03854166666666667
1 0.581640625 0.22604166666666667 0.0265625 0.03802083333333333
0 0.703515625 0.7005208333333334 0.02421875 0.03802083333333333
1 0.327734375 0.0796875 0.027734375 0.035416666666666666
0 0.825390625 0.43020833333333336 0.026171875 0.0375
0 0.716015625 0.6770833333333334 0.026953125 0.03229166666666667
1 0.008984375 0.11041666666666666 0.017578125 0.03854166666666667
1 0.598046875 0.0953125 0.025 0.0375
1 0.233984375 0.11302083333333333 0.019921875 0.0265625
1 0.10703125 0.3026041666666667 0.02578125 0.030208333333333334
1 0.7890625 0.20416666666666666 0.025390625 0.03854166666666667
1 0.93125 0.12447916666666667 0.02421875 0.035416666666666666
1 0.23203125 0.2526041666666667 0.0234375 0.035416666666666666
1 0.119921875 0.20416666666666666 0.062109375 0.07760416666666667
1 0.590625 0.021354166666666667 0.021875 0.029166666666666667
1 0.6921875 0.05416666666666667 0.064453125 0.0796875
1 0.086328125 0.796875 0.027734375 0.030208333333333334
1 0.244921875 0.7776041666666667 0.05390625 0.0703125
1 0.19609375 0.0328125 0.0625 0.065625
1 0.579296875 0.7291666666666666 0.01796875 0.030208333333333334
1 0.132421875 0.7036458333333333 0.0640625 0.07708333333333334
1 0.53828125 0.090625 0.028515625 0.03854166666666667
1 0.966796875 0.058333333333333334 0.0625 0.07395833333333333
1 0.555859375 0.4661458333333333 0.053515625 0.06666666666666667
1 0.8453125 0.08020833333333334 0.026171875 0.03229166666666667
1 0.066015625 0.034375 0.058203125 0.06822916666666666
1 0.399609375 0.6927083333333334 0.026171875 0.040625
0 0.92890625 0.21197916666666666 0.062890625 0.08177083333333333
1 0.3484375 0.0109375 0.026171875 0.021354166666666667
1 0.133203125 0.42604166666666665 0.021484375 0.03229166666666667
1 0.195703125 0.39791666666666664 0.063671875 0.084375
0 0.015625 0.22604166666666667 0.024609375 0.036458333333333336
1 0.61953125 0.7161458333333334 0.06328125 0.08177083333333333
0 0.3265625 0.31979166666666664 0.0203125 0.024479166666666666
1 0.16796875 0.12083333333333333 0.025 0.03177083333333333
1 0.2640625 0.5041666666666667 0.026171875 0.036458333333333336
1 0.166015625 0.5515625 0.055859375 0.07083333333333333
1 0.8 0.5838541666666667 0.024609375 0.034895833333333334
0 0.69296875 0.5526041666666667 0.053125 0.08333333333333333
1 0.5828125 0.5072916666666667 0.019140625 0.028645833333333332
1 0.72421875 0.3963541666666667 0.028515625 0.0265625
1 0.703125 0.25833333333333336 0.063671875 0.0796875
1 0.47421875 0.19010416666666666 0.0234375 0.0359375
1 0.325390625 0.19114583333333332 0.05625 0.07291666666666667
0 0.446875 0.375 0.024609375 0.03229166666666667
1 0.630078125 0.3802083333333333 0.0265625 0.0328125
1 0.44375 0.8927083333333333 0.012890625 0.017708333333333333
0 0.611328125 0.9859375 0.021875 0.028125
0 0.527734375 0.9151041666666667 0.025 0.030729166666666665
1 0.321875 0.5984375 0.05625 0.06770833333333333
0 0.6875 0.8645833333333334 0.028125 0.025520833333333333
1 0.355078125 0.31354166666666666 0.023828125 0.034375
0 0.872265625 0.34322916666666664 0.0265625 0.035416666666666666
1 0.498828125 0.32708333333333334 0.055078125 0.078125
0 0.273828125 0.9760416666666667 0.015234375 0.020833333333333332
1 0.351171875 0.8838541666666667 0.026171875 0.035416666666666666
1 0.6265625 0.9265625 0.027734375 0.033854166666666664
1 0.010546875 0.834375 0.02109375 0.0375
1 0.509375 0.7625 0.027734375 0.040625