1 0.224609375 0.6151041666666667 0.026953125 0.03697916666666667
1 0.2078125 0.7442708333333333 0.025390625 0.035416666666666666
1 0.970703125 0.6364583333333333 0.025390625 0.036458333333333336
0 0.730859375 0.27447916666666666 0.034375 0.04010416666666667
1 0.908203125 0.3885416666666667 0.023828125 0.0359375
1 0.2484375 0.8364583333333333 0.05234375 0.0671875
1 0.521484375 0.8526041666666667 0.01171875 0.016145833333333335
1 0.670703125 0.11666666666666667 0.0265625 0.03177083333333333
1 0.15625 0.19895833333333332 0.023046875 0.030208333333333334
1 0.40234375 0.05625 0.021484375 0.028645833333333332
1 0.206640625 0.2859375 0.0265625 0.0375
0 0.945703125 0.22083333333333333 0.01484375 0.023958333333333335
1 0.591015625 0.021875 0.0234375 0.03125
1 0.058984375 0.03229166666666667 0.029296875 0.034375
1 0.653125 0.23854166666666668 0.025 0.03229166666666667
1 0.503125 0.2328125 0.030078125 0.034895833333333334
1 0.027734375 0.14739583333333334 0.02578125 0.0296875
0 0.886328125 0.16666666666666666 0.025 0.026041666666666668
1 0.2171875 0.030208333333333334 0.016796875 0.028645833333333332
1 0.8734375 0.17916666666666667 0.02578125 0.03697916666666667
1 0.9546875 0.06458333333333334 0.023828125 0.030208333333333334
0 0.410546875 0.009895833333333333 0.024609375 0.019791666666666666
1 0.538671875 0.6708333333333333 0.0234375 0.030208333333333334
1 0.442578125 0.7817708333333333 0.026953125 0.034375
1 0.370703125 0.7317708333333334 0.019140625 0.029166666666666667
1 0.531640625 0.546875 0.027734375 0.03229166666666667
0 0.3671875 0.4734375 0.025390625 0.034895833333333334
1 0.701953125 0.49635416666666665 0.0265625 0.034895833333333334
1 0.280078125 0.6135416666666667 0.02265625 0.03177083333333333
0 0.18515625 0.48802083333333335 0.026171875 0.0296875
1 0.366796875 0.3255208333333333 0.028515625 0.0296875
1 0.149609375 0.2890625 0.025 0.034375
1 0.155078125 0.3880208333333333 0.059375 0.07395833333333333
1 0.449609375 0.390625 0.053125 0.07239583333333334
1 0.12109375 0.5911458333333334 0.06015625 0.075
1 0.6171875 0.33489583333333334 0.05859375 0.08020833333333334
1 0.62734375 0.5484375 0.051953125 0.06927083333333334
1 0.279296875 0.4901041666666667 0.054296875 0.06822916666666666
1 0.369140625 0.5921875 0.0296875 0.0359375
1 0.058203125 0.5223958333333333 0.025 0.028645833333333332
1 0.063671875 0.42239583333333336 0.025 0.035416666666666666
1 0.25 0.36614583333333334 0.028125 0.0328125
1 0.545703125 0.40729166666666666 0.027734375 0.03333333333333333
1 0.500390625 0.9510416666666667 0.028125 0.0359375
1 0.66484375 0.38958333333333334 0.022265625 0.03333333333333333
1 0.053125 0.34010416666666665 0.025 0.03333333333333333
1 0.022265625 0.5947916666666667 0.04453125 0.06302083333333333
1 0.789453125 0.5640625 0.054296875 0.08125
1 0.8375 0.6526041666666667 0.019921875 0.0359375
1 0.81484375 0.4276041666666667 0.0234375 0.034375
1 0.726953125 0.12708333333333333 0.010546875 0.015625
1 0.88984375 0.7567708333333333 0.01875 0.04010416666666667
1 0.336328125 0.4125 0.019140625 0.028125
1 0.66953125 0.49270833333333336 0.012109375 0.01875
1 0.453125 0.1640625 0.01875 0.022395833333333334
1 0.74140625 0.5885416666666666 0.02109375 0.035416666666666666
1 0.344140625 0.13489583333333333 0.027734375 0.0375
0 0.215234375 0.1859375 0.025390625 0.03125
1 0.48671875 0.008854166666666666 0.033203125 0.0171875
1 0.78046875 0.051041666666666666 0.027734375 0.03333333333333333
1 0.603515625 0.0859375 0.021875 0.030729166666666665
1 0.528515625 0.08229166666666667 0.025 0.0359375
1 0.356640625 0.19791666666666666 0.021875 0.03802083333333333
1 0.4671875 0.11458333333333333 0.028515625 0.03177083333333333
1 0.603515625 0.9895833333333334 0.043359375 0.020833333333333332
1 0.510546875 0.8260416666666667 0.019140625 0.025520833333333333
0 0.226953125 0.95 0.016796875 0.025
1 0.716015625 0.803125 0.021875 0.034895833333333334
1 0.853515625 0.7682291666666666 0.022265625 0.03802083333333333
1 0.808984375 0.9494791666666667 0.025390625 0.0328125
0 0.8578125 0.925 0.02734375 0.036458333333333336
1 0.4078125 0.98125 0.05703125 0.03697916666666667
1 0.63203125 0.8223958333333333 0.022265625 0.03333333333333333
1 0.9921875 0.2869791666666667 0.015234375 0.022395833333333334
1 0.8015625 0.27447916666666666 0.02265625 0.030729166666666665
1 0.934375 0.5755208333333334 0.021484375 0.034895833333333334
1 0.693359375 0.9223958333333333 0.053125 0.0796875
1 0.042578125 0.9661458333333334 0.028515625 0.027604166666666666
0 0.09765625 0.7125 0.02578125 0.033854166666666664
1 0.25546875 0.09479166666666666 0.027734375 0.036458333333333336
1 0.074609375 0.259375 0.059375 0.07604166666666666
1 0.2859375 0.26145833333333335 0.05859375 0.0734375
1 0.896875 0.6942708333333333 0.055859375 0.08489583333333334
1 0.83828125 0.321875 0.05703125 0.0765625
0 0.951171875 0.8838541666666667 0.058203125 0.07708333333333334
1 0.148046875 0.08020833333333334 0.0609375 0.08229166666666667
1 0.540234375 0.7744791666666667 0.060546875 0.07760416666666667
1 0.3140625 0.7130208333333333 0.0578125 0.0734375
1 0.030078125 0.8234375 0.059765625 0.07552083333333333
1 0.981640625 0.4822916666666667 0.036328125 0.08229166666666667
1 0.6375 0.6973958333333333 0.02734375 0.03697916666666667
1 0.13046875 0.8317708333333333 0.028125 0.033854166666666664
1 0.33984375 0.9244791666666666 0.02421875 0.0390625
0 0.765234375 0.7927083333333333 0.05078125 0.08333333333333333
1 0.940625 0.7713541666666667 0.021484375 0.03333333333333333