1 0.86796875 0.6276041666666666 0.023046875 0.035416666666666666
1 0.5125 0.21614583333333334 0.058203125 0.08333333333333333
1 0.167578125 0.011458333333333333 0.027734375 0.022395833333333334
0 0.52578125 0.15520833333333334 0.0171875 0.027083333333333334
1 0.59296875 0.2875 0.026171875 0.0359375
1 0.066796875 0.9484375 0.02578125 0.035416666666666666
0 0.67421875 0.9401041666666666 0.05859375 0.075
1 0.959375 0.434375 0.057421875 0.06979166666666667
1 0.148828125 0.3729166666666667 0.026171875 0.036458333333333336
0 0.63828125 0.3880208333333333 0.02421875 0.0328125
1 0.506640625 0.4625 0.058203125 0.07395833333333333
1 0.225 0.08854166666666667 0.026171875 0.03697916666666667
1 0.55078125 0.8984375 0.030078125 0.030729166666666665
0 0.869921875 0.22395833333333334 0.019140625 0.0234375
1 0.065625 0.13854166666666667 0.02578125 0.0390625
1 0.41875 0.8796875 0.02890625 0.03177083333333333
1 0.2125 0.44427083333333334 0.054296875 0.07708333333333334
1 0.848828125 0.3489583333333333 0.0125 0.0171875
1 0.484765625 0.0125 0.02578125 0.024479166666666666
1 0.3984375 0.9776041666666667 0.030078125 0.0359375
1 0.684375 0.3567708333333333 0.024609375 0.03697916666666667
1 0.444140625 0.6364583333333333 0.0296875 0.034375
0 0.678125 0.2546875 0.01953125 0.0234375
0 0.047265625 0.2994791666666667 0.0609375 0.08541666666666667
1 0.2875 0.496875 0.0234375 0.04114583333333333
1 0.6984375 0.2625 0.029296875 0.0328125
0 0.152734375 0.1375 0.06875 0.084375
1 0.771484375 0.2526041666666667 0.026171875 0.03125
1 0.848046875 0.896875 0.0265625 0.03229166666666667
0 0.610546875 0.9869791666666666 0.025 0.025520833333333333
1 0.750390625 0.1625 0.059765625 0.07604166666666666
0 0.616015625 0.153125 0.02890625 0.04114583333333333
0 0.2171875 0.2598958333333333 0.0265625 0.03177083333333333
1 0.6390625 0.05364583333333333 0.028515625 0.0328125
1 0.835546875 0.9494791666666667 0.02421875 0.03333333333333333
1 0.89375 0.2578125 0.02109375 0.03125
1 0.685546875 0.11666666666666667 0.025 0.0296875
1 0.941796875 0.21510416666666668 0.0546875 0.071875
1 0.73828125 0.0640625 0.025390625 0.034375
1 0.828515625 0.020833333333333332 0.05625 0.041666666666666664
0 0.0453125 0.43020833333333336 0.02890625 0.0296875
1 0.831640625 0.13177083333333334 0.02265625 0.03333333333333333
1 0.9109375 0.15729166666666666 0.02265625 0.0296875
1 0.994140625 0.1140625 0.01171875 0.03229166666666667
1 0.610546875 0.5104166666666666 0.026171875 0.03333333333333333
1 0.55546875 0.5833333333333334 0.028515625 0.03229166666666667
1 0.446484375 0.32395833333333335 0.023046875 0.0359375
1 0.71953125 0.5572916666666666 0.027734375 0.034375
1 0.736328125 0.9567708333333333 0.0265625 0.0328125
1 0.103125 0.5395833333333333 0.026171875 0.04010416666666667
1 0.280859375 0.30104166666666665 0.025 0.03177083333333333
1 0.63671875 0.6375 0.0578125 0.0734375
1 0.403125 0.5265625 0.028515625 0.0390625
0 0.166796875 0.6145833333333334 0.023046875 0.023958333333333335
0 0.14375 0.3078125 0.028515625 0.0375
0 0.821875 0.6864583333333333 0.026171875 0.03229166666666667
1 0.9578125 0.9255208333333333 0.030078125 0.030729166666666665
1 0.283984375 0.646875 0.0296875 0.035416666666666666
1 0.205859375 0.9869791666666666 0.023828125 0.026041666666666668
0 0.976953125 0.5286458333333334 0.01953125 0.020833333333333332
1 0.3671875 0.19791666666666666 0.028125 0.03125
1 0.9234375 0.6265625 0.059375 0.08125
1 0.991015625 0.6197916666666666 0.01796875 0.029166666666666667
1 0.83984375 0.509375 0.02578125 0.03229166666666667
1 0.55078125 0.653125 0.02578125 0.0296875
1 0.18671875 0.8677083333333333 0.02890625 0.033854166666666664
0 0.3578125 0.35520833333333335 0.0625 0.08697916666666666
1 0.835546875 0.39427083333333335 0.059375 0.07708333333333334
1 0.2859375 0.159375 0.0578125 0.0765625
1 0.259375 0.9151041666666667 0.02734375 0.033854166666666664
1 0.806640625 0.646875 0.03046875 0.036458333333333336
1 0.370703125 0.08645833333333333 0.02265625 0.0359375
1 0.4203125 0.14947916666666666 0.026171875 0.03854166666666667
1 0.325390625 0.9161458333333333 0.025 0.030729166666666665
0 0.754296875 0.5057291666666667 0.027734375 0.03854166666666667
1 0.473046875 0.9369791666666667 0.02109375 0.029166666666666667