0 0.339453125 0.9354166666666667 0.065234375 0.08958333333333333
1 0.608984375 0.6296875 0.065234375 0.09114583333333333
1 0.246875 0.15104166666666666 0.021484375 0.029166666666666667
1 0.280078125 0.016145833333333335 0.02578125 0.03177083333333333
1 0.333203125 0.22552083333333334 0.027734375 0.03125
1 0.316796875 0.19583333333333333 0.0328125 0.034895833333333334
0 0.395703125 0.09895833333333333 0.063671875 0.08385416666666666
1 0.010546875 0.5786458333333333 0.02109375 0.034375
1 0.2015625 0.2598958333333333 0.025390625 0.046875
1 0.355859375 0.39479166666666665 0.023828125 0.03177083333333333
1 0.860546875 0.8885416666666667 0.008984375 0.019791666666666666
0 0.254296875 0.09791666666666667 0.03515625 0.04739583333333333
1 0.057421875 0.2640625 0.029296875 0.03177083333333333
1 0.21875 0.7854166666666667 0.030078125 0.03697916666666667
1 0.16953125 0.7604166666666666 0.03046875 0.0390625
1 0.098828125 0.4859375 0.028125 0.04114583333333333
1 0.18125 0.5979166666666667 0.026953125 0.04114583333333333
1 0.201953125 0.6213541666666667 0.027734375 0.035416666666666666
1 0.2796875 0.5244791666666667 0.030078125 0.03802083333333333
1 0.422265625 0.44895833333333335 0.059375 0.07916666666666666
1 0.26640625 0.28489583333333335 0.023046875 0.0296875
1 0.446484375 0.309375 0.023046875 0.034375
1 0.5046875 0.19635416666666666 0.025 0.028645833333333332
0 0.57578125 0.09791666666666667 0.023828125 0.03802083333333333
1 0.64375 0.1328125 0.0171875 0.0171875
1 0.704296875 0.09479166666666666 0.025390625 0.0390625
1 0.64140625 0.24583333333333332 0.062109375 0.08333333333333333
1 0.71953125 0.3104166666666667 0.024609375 0.030729166666666665
1 0.79375 0.31354166666666666 0.059765625 0.07760416666666667
1 0.975390625 0.28177083333333336 0.025390625 0.03958333333333333
1 0.859375 0.1390625 0.030859375 0.0359375
1 0.86796875 0.5411458333333333 0.05703125 0.08229166666666667
1 0.826953125 0.4265625 0.025390625 0.034375
1 0.877734375 0.42135416666666664 0.023828125 0.03333333333333333
1 0.53671875 0.44375 0.02578125 0.0359375
1 0.9515625 0.7833333333333333 0.060546875 0.08333333333333333
1 0.658203125 0.45729166666666665 0.0234375 0.03697916666666667
1 0.71953125 0.5755208333333334 0.026171875 0.0359375
1 0.8953125 0.6583333333333333 0.02421875 0.03697916666666667
1 0.73515625 0.7838541666666666 0.025 0.03958333333333333
1 0.83984375 0.8958333333333334 0.023046875 0.03802083333333333
1 0.41796875 0.9515625 0.024609375 0.034895833333333334
1 0.472265625 0.8125 0.058984375 0.08020833333333334
1 0.643359375 0.8864583333333333 0.02421875 0.034375
1 0.5609375 0.7916666666666666 0.022265625 0.0359375
1 0.526953125 0.9859375 0.023828125 0.028125
1 0.01796875 0.8796875 0.02890625 0.03958333333333333
1 0.148046875 0.9145833333333333 0.02578125 0.040625
1 0.302734375 0.6859375 0.030078125 0.0359375
1 0.4796875 0.603125 0.02890625 0.035416666666666666