1 0.310546875 0.6270833333333333 0.030859375 0.035416666666666666
0 0.709375 0.7697916666666667 0.01953125 0.026041666666666668
1 0.197265625 0.017708333333333333 0.0421875 0.034895833333333334
1 0.702734375 0.0125 0.025 0.025
1 0.51640625 0.084375 0.01875 0.024479166666666666
1 0.4515625 0.94375 0.04921875 0.046875
1 0.41171875 0.13541666666666666 0.022265625 0.025520833333333333
1 0.91953125 0.6145833333333334 0.026171875 0.04010416666666667
1 0.3828125 0.4583333333333333 0.0640625 0.090625
1 0.796875 0.4546875 0.020703125 0.029166666666666667
1 0.353125 0.8692708333333333 0.02265625 0.026041666666666668
0 0.715234375 0.16875 0.02890625 0.034895833333333334
1 0.63046875 0.8932291666666666 0.027734375 0.028645833333333332
0 0.505078125 0.3890625 0.068359375 0.08645833333333333
1 0.220703125 0.225 0.069140625 0.08645833333333333
1 0.5984375 0.7984375 0.068359375 0.0859375
1 0.428125 0.6598958333333333 0.066015625 0.08854166666666667
0 0.301171875 0.9671875 0.064453125 0.065625
1 0.099609375 0.9817708333333334 0.02109375 0.036458333333333336
1 0.053515625 0.8083333333333333 0.024609375 0.04010416666666667
0 0.121484375 0.7104166666666667 0.021484375 0.019270833333333334
1 0.06484375 0.640625 0.023828125 0.028645833333333332
1 0.231640625 0.771875 0.0671875 0.08177083333333333
1 0.729296875 0.659375 0.044921875 0.058333333333333334
0 0.02578125 0.6244791666666667 0.0515625 0.08333333333333333
1 0.4078125 0.2015625 0.06171875 0.08125
1 0.246484375 0.7239583333333334 0.0625 0.07864583333333333
0 0.15625 0.9145833333333333 0.038671875 0.03958333333333333
1 0.291015625 0.8921875 0.027734375 0.03333333333333333
1 0.530859375 0.8802083333333334 0.028515625 0.034375
1 0.794921875 0.5822916666666667 0.026171875 0.0328125
0 0.33671875 0.7765625 0.029296875 0.03333333333333333
1 0.128125 0.24791666666666667 0.027734375 0.030729166666666665
1 0.858984375 0.4817708333333333 0.03515625 0.05
0 0.79296875 0.11041666666666666 0.021484375 0.040625
1 0.552734375 0.603125 0.02578125 0.03333333333333333
1 0.58359375 0.5463541666666667 0.02578125 0.03125
0 0.32421875 0.271875 0.023046875 0.027604166666666666
0 0.50390625 0.765625 0.027734375 0.03229166666666667
1 0.31875 0.5234375 0.025390625 0.026041666666666668
1 0.40546875 0.32135416666666666 0.028515625 0.03125
1 0.80390625 0.2828125 0.022265625 0.0328125
1 0.740625 0.4041666666666667 0.0234375 0.0296875
1 0.621875 0.7166666666666667 0.03046875 0.0359375
1 0.516796875 0.3026041666666667 0.03828125 0.078125
1 0.57109375 0.4515625 0.024609375 0.028125
1 0.871875 0.9739583333333334 0.05 0.052083333333333336
1 0.753125 0.3302083333333333 0.059765625 0.09322916666666667
1 0.5765625 0.17604166666666668 0.0671875 0.08489583333333334
1 0.840625 0.35 0.027734375 0.036458333333333336
1 0.470703125 0.4973958333333333 0.03125 0.035416666666666666
1 0.12421875 0.5520833333333334 0.03046875 0.0265625
1 0.8265625 0.7270833333333333 0.023828125 0.0375
1 0.766015625 0.8395833333333333 0.01953125 0.03229166666666667
1 0.75078125 0.965625 0.03046875 0.033854166666666664
1 0.26875 0.11927083333333334 0.0265625 0.034375
0 0.61953125 0.28958333333333336 0.02890625 0.0421875
1 0.6453125 0.634375 0.02421875 0.036458333333333336
1 0.16015625 0.31666666666666665 0.028125 0.034375
1 0.578125 0.3703125 0.025390625 0.03333333333333333
1 0.222265625 0.578125 0.027734375 0.033854166666666664
1 0.216015625 0.44375 0.0625 0.08958333333333333
1 0.03203125 0.9619791666666667 0.0609375 0.07552083333333333
1 0.34765625 0.023958333333333335 0.062109375 0.04791666666666667
1 0.475390625 0.6177083333333333 0.021875 0.027604166666666666