0 0.701171875 0.1265625 0.02578125 0.03177083333333333
1 0.364453125 0.40572916666666664 0.02578125 0.0296875
1 0.40078125 0.4901041666666667 0.02734375 0.027604166666666666
1 0.547265625 0.011458333333333333 0.051171875 0.022916666666666665
0 0.68515625 0.7567708333333333 0.0203125 0.03125
1 0.190234375 0.984375 0.02578125 0.028125
1 0.730078125 0.24010416666666667 0.020703125 0.023958333333333335
1 0.7828125 0.8916666666666667 0.02578125 0.0296875
1 0.236328125 0.9864583333333333 0.016015625 0.021875
1 0.346484375 0.928125 0.023828125 0.03229166666666667
1 0.21796875 0.7880208333333333 0.027734375 0.03333333333333333
1 0.881640625 0.9036458333333334 0.03046875 0.035416666666666666
1 0.109375 0.7838541666666666 0.029296875 0.04010416666666667
1 0.54609375 0.9395833333333333 0.057421875 0.0796875
1 0.28203125 0.928125 0.051171875 0.07864583333333333
1 0.401953125 0.8411458333333334 0.058984375 0.0796875
1 0.034765625 0.9046875 0.059375 0.08333333333333333
1 0.69765625 0.9265625 0.05859375 0.07916666666666666
1 0.144921875 0.9145833333333333 0.058203125 0.08177083333333333
1 0.05703125 0.8734375 0.021875 0.027083333333333334
1 0.05390625 0.9515625 0.021484375 0.028645833333333332
0 0.4734375 0.8354166666666667 0.021875 0.026041666666666668
1 0.51015625 0.7192708333333333 0.02578125 0.034895833333333334
1 0.621875 0.7833333333333333 0.0203125 0.034375
1 0.618359375 0.6723958333333333 0.060546875 0.08072916666666667
1 0.104296875 0.6395833333333333 0.0234375 0.03229166666666667
1 0.422265625 0.6145833333333334 0.0578125 0.0796875
1 0.17890625 0.6677083333333333 0.054296875 0.075
1 0.80078125 0.7364583333333333 0.062890625 0.07760416666666667
1 0.0421875 0.65 0.066015625 0.0796875
1 0.41328125 0.7401041666666667 0.020703125 0.030729166666666665
0 0.61171875 0.7260416666666667 0.015234375 0.01875
1 0.33046875 0.7307291666666667 0.026171875 0.03229166666666667
1 0.506640625 0.6 0.02734375 0.034375
0 0.5984375 0.5484375 0.025 0.033854166666666664
1 0.079296875 0.5333333333333333 0.024609375 0.034895833333333334
1 0.201171875 0.5755208333333334 0.023828125 0.0296875
1 0.29453125 0.5734375 0.05546875 0.07552083333333333
1 0.359765625 0.5770833333333333 0.0234375 0.03229166666666667
1 0.940234375 0.784375 0.0234375 0.034375
0 0.971875 0.6729166666666667 0.026171875 0.0296875
0 0.75390625 0.575 0.021875 0.026041666666666668
0 0.871484375 0.6557291666666667 0.0234375 0.03802083333333333
1 0.0625 0.34739583333333335 0.030859375 0.03125
1 0.20859375 0.403125 0.02890625 0.0359375
1 0.341015625 0.3390625 0.0625 0.08125
1 0.2890625 0.41302083333333334 0.02578125 0.03333333333333333
1 0.68125 0.5270833333333333 0.027734375 0.030208333333333334
0 0.49375 0.4317708333333333 0.028125 0.0375
0 0.853515625 0.49635416666666665 0.026953125 0.027604166666666666
0 0.9875 0.5536458333333333 0.025 0.034895833333333334
1 0.698828125 0.4036458333333333 0.028515625 0.027083333333333334
1 0.4046875 0.459375 0.026953125 0.0328125
1 0.141015625 0.4015625 0.031640625 0.03125
1 0.612890625 0.4453125 0.024609375 0.03333333333333333
1 0.90625 0.008333333333333333 0.02578125 0.016666666666666666
1 0.98046875 0.15572916666666667 0.02421875 0.035416666666666666
1 0.34609375 0.10885416666666667 0.021484375 0.030729166666666665
1 0.641796875 0.09635416666666667 0.022265625 0.03125
1 0.255078125 0.046875 0.02421875 0.027604166666666666
1 0.16484375 0.09166666666666666 0.028515625 0.03697916666666667
1 0.28671875 0.05416666666666667 0.025390625 0.03854166666666667
1 0.02890625 0.0484375 0.0578125 0.08072916666666667
1 0.098828125 0.04114583333333333 0.021875 0.028645833333333332
1 0.548046875 0.14114583333333333 0.030859375 0.034375
0 0.828515625 0.18229166666666666 0.0234375 0.027604166666666666
0 0.48125 0.015625 0.0265625 0.030208333333333334
0 0.665625 0.027083333333333334 0.016015625 0.017708333333333333
1 0.521484375 0.14739583333333334 0.026171875 0.027083333333333334
1 0.4234375 0.0875 0.028515625 0.0296875
1 0.890625 0.1484375 0.02734375 0.041666666666666664
1 0.787890625 0.12864583333333332 0.020703125 0.0375
1 0.70703125 0.030729166666666665 0.06015625 0.0609375
1 0.765234375 0.1265625 0.02265625 0.027083333333333334