0 0.053125 0.9286458333333333 0.01640625 0.019270833333333334
1 0.177734375 0.9317708333333333 0.028515625 0.035416666666666666
0 0.776171875 0.9557291666666666 0.02734375 0.03333333333333333
1 0.6390625 0.9135416666666667 0.026171875 0.040625
1 0.278515625 0.925 0.021875 0.028125
0 0.33203125 0.9895833333333334 0.030859375 0.020833333333333332
1 0.12734375 0.9942708333333333 0.0328125 0.011458333333333333
1 0.479296875 0.7171875 0.026171875 0.034895833333333334
1 0.1453125 0.7619791666666667 0.028125 0.035416666666666666
1 0.402734375 0.7151041666666667 0.026171875 0.027083333333333334
1 0.29609375 0.78125 0.02734375 0.0359375
0 0.668359375 0.675 0.062109375 0.078125
0 0.590234375 0.6911458333333333 0.02578125 0.0375
1 0.74609375 0.6348958333333333 0.029296875 0.03125
1 0.8484375 0.671875 0.05546875 0.08020833333333334
1 0.83359375 0.18020833333333333 0.046875 0.065625
1 0.7171875 0.9901041666666667 0.025 0.019791666666666666
1 0.95546875 0.6942708333333333 0.05625 0.07708333333333334
1 0.771484375 0.4666666666666667 0.06015625 0.07760416666666667
1 0.66953125 0.7828125 0.02421875 0.026041666666666668
1 0.992578125 0.9869791666666666 0.01484375 0.026041666666666668
1 0.5359375 0.790625 0.028515625 0.03697916666666667
0 0.841796875 0.8041666666666667 0.02421875 0.0328125
0 0.606640625 0.7604166666666666 0.02890625 0.035416666666666666
0 0.7984375 0.26927083333333335 0.02734375 0.03333333333333333
1 0.46484375 0.6057291666666667 0.025 0.0328125
1 0.386328125 0.6088541666666667 0.062109375 0.07708333333333334
0 0.955859375 0.16302083333333334 0.017578125 0.019270833333333334
0 0.67265625 0.08177083333333333 0.020703125 0.028645833333333332
1 0.69140625 0.27291666666666664 0.05703125 0.08020833333333334
1 0.58515625 0.13802083333333334 0.04921875 0.06666666666666667
1 0.4828125 0.34322916666666664 0.058984375 0.075
1 0.671875 0.1328125 0.05078125 0.06458333333333334
1 0.461328125 0.11979166666666667 0.05390625 0.06822916666666666
1 0.56796875 0.2526041666666667 0.026953125 0.0375
1 0.379296875 0.24375 0.02734375 0.040625
0 0.115234375 0.2921875 0.0578125 0.08489583333333334
0 0.289453125 0.23385416666666667 0.025390625 0.0359375
1 0.541796875 0.39166666666666666 0.0203125 0.034895833333333334
1 0.527734375 0.3828125 0.008984375 0.014583333333333334
1 0.287890625 0.1265625 0.05390625 0.06041666666666667
1 0.278515625 0.08802083333333334 0.024609375 0.015104166666666667
0 0.148828125 0.1734375 0.0265625 0.033854166666666664
0 0.629296875 0.228125 0.0203125 0.03125
0 0.4984375 0.196875 0.02578125 0.034375
0 0.40625 0.32760416666666664 0.024609375 0.033854166666666664
1 0.217578125 0.6651041666666667 0.030859375 0.03697916666666667
0 0.75859375 0.6947916666666667 0.026953125 0.0296875
1 0.1359375 0.6083333333333333 0.05625 0.08020833333333334
1 0.429296875 0.9098958333333333 0.02109375 0.027604166666666666
1 0.020703125 0.5458333333333333 0.023828125 0.033854166666666664
1 0.188671875 0.5239583333333333 0.0265625 0.03177083333333333
1 0.293359375 0.5635416666666667 0.0265625 0.036458333333333336
1 0.36875 0.5088541666666667 0.02421875 0.03333333333333333
1 0.4375 0.453125 0.02578125 0.034895833333333334
1 0.793359375 0.08177083333333333 0.060546875 0.06822916666666666
1 0.8546875 0.0765625 0.02578125 0.028645833333333332
1 0.53046875 0.5234375 0.057421875 0.075
1 0.923046875 0.0703125 0.0203125 0.0359375
1 0.99140625 0.12916666666666668 0.0171875 0.07239583333333334
1 0.663671875 0.5260416666666666 0.024609375 0.034375
1 0.646875 0.3177083333333333 0.02265625 0.03229166666666667
1 0.90390625 0.6395833333333333 0.02265625 0.034375
1 0.888671875 0.5911458333333334 0.012890625 0.016666666666666666
1 0.908984375 0.36614583333333334 0.028125 0.034895833333333334
1 0.883203125 0.4984375 0.028515625 0.03333333333333333
1 0.9234375 0.7911458333333333 0.02578125 0.0359375
1 0.066015625 0.6411458333333333 0.025390625 0.03697916666666667
0 0.071484375 0.7645833333333333 0.025 0.0265625
1 0.944921875 0.5375 0.025390625 0.034375
1 0.98984375 0.32760416666666664 0.019921875 0.07708333333333334
1 0.73203125 0.3567708333333333 0.02578125 0.03229166666666667
1 0.63203125 0.42135416666666664 0.056640625 0.07291666666666667
1 0.912890625 0.175 0.059375 0.075
0 0.95625 0.23489583333333333 0.02421875 0.030729166666666665
1 0.334375 0.4114583333333333 0.060546875 0.07395833333333333
0 0.212890625 0.28802083333333334 0.06328125 0.0828125
0 0.253125 0.3859375 0.02578125 0.034895833333333334
1 0.986328125 0.19583333333333333 0.016796875 0.019270833333333334
0 0.752734375 0.19739583333333333 0.028125 0.03333333333333333
0 0.1984375 0.40208333333333335 0.021875 0.03229166666666667
0 0.036328125 0.43697916666666664 0.025390625 0.03333333333333333
0 0.120703125 0.42916666666666664 0.028125 0.0375
0 0.253125 0.9609375 0.01484375 0.019270833333333334
1 0.530859375 0.9390625 0.02734375 0.027083333333333334