0 0.38359375 0.5208333333333334 0.018359375 0.021875
1 0.32890625 0.6015625 0.02109375 0.03229166666666667
1 0.425390625 0.721875 0.02734375 0.03958333333333333
1 0.57421875 0.5286458333333334 0.023828125 0.030208333333333334
0 0.844140625 0.8447916666666667 0.02421875 0.0265625
0 0.44921875 0.496875 0.025390625 0.03125
1 0.507421875 0.5286458333333334 0.021484375 0.03229166666666667
1 0.494921875 0.7994791666666666 0.025 0.03177083333333333
1 0.397265625 0.628125 0.0234375 0.03177083333333333
0 0.672265625 0.5697916666666667 0.02109375 0.030729166666666665
1 0.573046875 0.9052083333333333 0.021875 0.0265625
1 0.430078125 0.5645833333333333 0.01953125 0.0296875
1 0.65 0.465625 0.01328125 0.0203125
0 0.798828125 0.8692708333333333 0.023046875 0.03229166666666667
0 0.719140625 0.7604166666666666 0.020703125 0.0328125
1 0.868359375 0.6729166666666667 0.06015625 0.08177083333333333
1 0.3609375 0.21197916666666666 0.014453125 0.024479166666666666
1 0.471875 0.019270833333333334 0.024609375 0.03802083333333333
1 0.54375 0.19322916666666667 0.026953125 0.03125
1 0.473046875 0.171875 0.019921875 0.026041666666666668
1 0.24375 0.2078125 0.05390625 0.0828125
1 0.6140625 0.3182291666666667 0.024609375 0.036458333333333336
0 0.525390625 0.7927083333333333 0.0265625 0.0328125
0 0.307421875 0.8963541666666667 0.026171875 0.03177083333333333
1 0.41015625 0.30520833333333336 0.021875 0.029166666666666667
1 0.610546875 0.21302083333333333 0.02421875 0.029166666666666667
1 0.244921875 0.5588541666666667 0.020703125 0.03125
1 0.12734375 0.32864583333333336 0.051171875 0.06822916666666666
1 0.4578125 0.3125 0.02265625 0.028125
1 0.21328125 0.3390625 0.01640625 0.033854166666666664
0 0.23828125 0.8604166666666667 0.0578125 0.08333333333333333
0 0.49140625 0.36666666666666664 0.011328125 0.028645833333333332
0 0.393359375 0.40625 0.01953125 0.0375