1 0.851171875 0.615625 0.01015625 0.0171875
1 0.963671875 0.6895833333333333 0.019921875 0.0296875
1 0.49296875 0.3 0.0234375 0.027083333333333334
0 0.84765625 0.8083333333333333 0.020703125 0.025
1 0.976171875 0.8880208333333334 0.03125 0.024479166666666666
0 0.16484375 0.3171875 0.023046875 0.026041666666666668
1 0.63359375 0.2598958333333333 0.02421875 0.029166666666666667
1 0.27265625 0.3182291666666667 0.019140625 0.028645833333333332
0 0.462890625 0.06927083333333334 0.021875 0.023958333333333335
1 0.03203125 0.28125 0.02421875 0.0296875
1 0.37734375 0.5375 0.054296875 0.07447916666666667
0 0.421484375 0.7026041666666667 0.021875 0.025520833333333333
1 0.49609375 0.5635416666666667 0.021484375 0.024479166666666666
0 0.7625 0.6182291666666667 0.052734375 0.07604166666666666
0 0.303125 0.66875 0.0328125 0.0390625
1 0.87265625 0.23385416666666667 0.051953125 0.06614583333333333
1 0.062890625 0.13958333333333334 0.050390625 0.06354166666666666
1 0.59140625 0.5541666666666667 0.05234375 0.07239583333333334
1 0.628515625 0.45729166666666665 0.02578125 0.029166666666666667
1 0.155078125 0.5026041666666666 0.034375 0.0453125
1 0.323046875 0.3776041666666667 0.022265625 0.027083333333333334
0 0.216015625 0.4317708333333333 0.021875 0.0265625
1 0.366015625 0.2734375 0.0203125 0.025
1 0.887109375 0.6098958333333333 0.01015625 0.013020833333333334
0 0.7109375 0.8864583333333333 0.01875 0.027604166666666666
1 0.950390625 0.334375 0.019921875 0.030208333333333334
0 0.9296875 0.740625 0.055859375 0.0734375