1 0.1796875 0.853125 0.023828125 0.0359375
1 0.328515625 0.065625 0.01796875 0.030208333333333334
1 0.515234375 0.9421875 0.02578125 0.028645833333333332
0 0.084765625 0.9078125 0.05 0.0578125
1 0.260546875 0.33645833333333336 0.012109375 0.014583333333333334
1 0.463671875 0.12552083333333333 0.009765625 0.0125
1 0.3578125 0.340625 0.028125 0.033854166666666664
1 0.44375 0.20104166666666667 0.025390625 0.033854166666666664
1 0.84609375 0.12447916666666667 0.027734375 0.03333333333333333
1 0.17421875 0.33229166666666665 0.021875 0.033854166666666664
1 0.110546875 0.18072916666666666 0.065625 0.0875
1 0.806640625 0.25052083333333336 0.0078125 0.009895833333333333
0 0.600390625 0.08072916666666667 0.067578125 0.07864583333333333
0 0.355859375 0.09739583333333333 0.022265625 0.0203125
1 0.6578125 0.25416666666666665 0.00703125 0.007291666666666667
1 0.542578125 0.39739583333333334 0.023046875 0.03125
1 0.65703125 0.8671875 0.059765625 0.08333333333333333
1 0.376171875 0.6901041666666666 0.0203125 0.034895833333333334
1 0.80390625 0.4921875 0.02890625 0.0328125
1 0.680078125 0.5265625 0.025 0.035416666666666666
1 0.977734375 0.7317708333333334 0.027734375 0.03333333333333333
1 0.766796875 0.921875 0.009375 0.013541666666666667
1 0.68671875 0.5494791666666666 0.01171875 0.013541666666666667
1 0.036328125 0.7234375 0.016796875 0.019791666666666666
0 0.87421875 0.8734375 0.05234375 0.07135416666666666
1 0.712890625 0.553125 0.0296875 0.027604166666666666
1 0.277734375 0.3796875 0.01171875 0.0125
0 0.290234375 0.7380208333333333 0.055078125 0.08177083333333333
1 0.0828125 0.46145833333333336 0.057421875 0.07760416666666667