1 0.99375 0.784375 0.012109375 0.01875
0 0.62265625 0.5458333333333333 0.01328125 0.0171875
1 0.808984375 0.3 0.015234375 0.023958333333333335
1 0.520703125 0.12291666666666666 0.04375 0.06458333333333334
1 0.20859375 0.7875 0.015234375 0.022395833333333334
1 0.50546875 0.6833333333333333 0.016015625 0.019791666666666666
1 0.728125 0.9651041666666667 0.015234375 0.016145833333333335
0 0.80859375 0.6786458333333333 0.033984375 0.0484375
0 0.32109375 0.42239583333333336 0.018359375 0.017708333333333333
0 0.699609375 0.2635416666666667 0.014453125 0.0171875
1 0.248046875 0.6260416666666667 0.01640625 0.0203125
0 0.10078125 0.8260416666666667 0.016796875 0.021875
0 0.59609375 0.90625 0.017578125 0.01875
0 0.705078125 0.6927083333333334 0.015234375 0.019270833333333334
1 0.71640625 0.050520833333333334 0.01796875 0.015625
1 0.15078125 0.6807291666666667 0.01484375 0.020833333333333332
1 0.40703125 0.6046875 0.036328125 0.04895833333333333
1 0.567578125 0.5036458333333333 0.037109375 0.053125
1 0.603515625 0.023958333333333335 0.01640625 0.019791666666666666
0 0.848828125 0.11302083333333333 0.012109375 0.019791666666666666
0 0.676953125 0.475 0.017578125 0.0234375
1 0.227734375 0.31354166666666666 0.016015625 0.022395833333333334
1 0.0796875 0.48020833333333335 0.0171875 0.018229166666666668
1 0.00859375 0.34322916666666664 0.0171875 0.020833333333333332
1 0.098828125 0.9546875 0.017578125 0.0234375
1 0.930078125 0.3984375 0.015234375 0.022395833333333334
0 0.757421875 0.7338541666666667 0.014453125 0.019270833333333334
0 0.792578125 0.5546875 0.013671875 0.019270833333333334
1 0.459375 0.29270833333333335 0.01640625 0.0203125
1 0.3359375 0.14166666666666666 0.017578125 0.01875
1 0.753515625 0.019791666666666666 0.03515625 0.0390625
1 0.1640625 0.5520833333333334 0.015234375 0.0203125
1 0.114453125 0.16666666666666666 0.01796875 0.022395833333333334
0 0.4109375 0.8098958333333334 0.0140625 0.022395833333333334