1 0.6921875 0.44947916666666665 0.022265625 0.03177083333333333
1 0.862890625 0.6203125 0.0265625 0.036458333333333336
0 0.934765625 0.75625 0.019140625 0.030208333333333334
1 0.983984375 0.984375 0.021484375 0.022395833333333334
0 0.05703125 0.027083333333333334 0.06796875 0.05416666666666667
1 0.203515625 0.259375 0.024609375 0.030208333333333334
1 0.3078125 0.6208333333333333 0.01875 0.0296875
0 0.3421875 0.2713541666666667 0.022265625 0.0296875
1 0.42734375 0.4171875 0.052734375 0.06875
0 0.38359375 0.8109375 0.01875 0.025
1 0.57109375 0.2640625 0.01953125 0.035416666666666666
0 0.684765625 0.784375 0.045703125 0.06302083333333333
1 0.16640625 0.6385416666666667 0.058203125 0.07395833333333333
1 0.810546875 0.8286458333333333 0.021484375 0.0296875
1 0.30390625 0.884375 0.0515625 0.065625
1 0.539453125 0.5994791666666667 0.021484375 0.03333333333333333
0 0.959765625 0.14322916666666666 0.018359375 0.029166666666666667
0 0.926171875 0.40729166666666666 0.02265625 0.023958333333333335
1 0.2703125 0.041666666666666664 0.025390625 0.0234375
1 0.054296875 0.8822916666666667 0.02265625 0.022916666666666665