1 0.0171875 0.28072916666666664 0.00859375 0.015104166666666667
0 0.007421875 0.5583333333333333 0.01328125 0.025520833333333333
1 0.644140625 0.7947916666666667 0.040234375 0.0546875
1 0.691015625 0.6583333333333333 0.01953125 0.022395833333333334
0 0.901171875 0.9921875 0.01953125 0.015625
1 0.25546875 0.5442708333333334 0.044140625 0.0546875
1 0.629296875 0.928125 0.01796875 0.0203125
1 0.598828125 0.2635416666666667 0.03828125 0.051041666666666666
1 0.5453125 0.41822916666666665 0.0421875 0.05260416666666667
1 0.608203125 0.1578125 0.01484375 0.019791666666666666
1 0.221875 0.21302083333333333 0.01875 0.01875
1 0.24453125 0.3234375 0.01640625 0.025
1 0.02890625 0.5015625 0.01953125 0.025
1 0.15078125 0.5635416666666667 0.015625 0.024479166666666666
1 0.399609375 0.8953125 0.018359375 0.025
1 0.462109375 0.98125 0.0140625 0.026041666666666668
1 0.3875 0.32916666666666666 0.016796875 0.0234375
1 0.36796875 0.2760416666666667 0.01640625 0.0203125
1 0.30859375 0.2125 0.01640625 0.022916666666666665
1 0.882421875 0.7791666666666667 0.021875 0.0234375
1 0.2703125 0.8651041666666667 0.016796875 0.025520833333333333
1 0.184765625 0.9203125 0.0125 0.016145833333333335
1 0.201171875 0.6984375 0.01875 0.022916666666666665
1 0.69375 0.2630208333333333 0.0171875 0.021354166666666667
0 0.0296875 0.7479166666666667 0.018359375 0.023958333333333335
1 0.098828125 0.7583333333333333 0.041015625 0.051041666666666666
1 0.77578125 0.209375 0.0171875 0.019791666666666666
1 0.865234375 0.8817708333333333 0.0171875 0.028645833333333332
1 0.44921875 0.6 0.039453125 0.05625
0 0.25625 0.049479166666666664 0.03828125 0.050520833333333334
1 0.157421875 0.890625 0.016015625 0.022395833333333334
1 0.378515625 0.11666666666666667 0.015625 0.01875
1 0.79609375 0.018229166666666668 0.010546875 0.018229166666666668
1 0.732421875 0.09010416666666667 0.01875 0.020833333333333332
1 0.455078125 0.24166666666666667 0.01953125 0.021875
1 0.10234375 0.6140625 0.0171875 0.0234375
1 0.876953125 0.32135416666666666 0.0421875 0.057291666666666664
1 0.0984375 0.5901041666666667 0.030859375 0.04010416666666667
1 0.059765625 0.35572916666666665 0.0171875 0.022916666666666665
1 0.855078125 0.12083333333333333 0.0203125 0.019791666666666666
1 0.881640625 0.46979166666666666 0.017578125 0.025
1 0.598828125 0.609375 0.01484375 0.026041666666666668
1 0.737109375 0.725 0.018359375 0.019791666666666666
1 0.760546875 0.61875 0.0171875 0.023958333333333335
1 0.446875 0.746875 0.01484375 0.026041666666666668
1 0.33046875 0.809375 0.041015625 0.0546875
1 0.513671875 0.43854166666666666 0.01796875 0.021875
1 0.669140625 0.440625 0.0203125 0.021354166666666667
0 0.801171875 0.528125 0.04140625 0.059895833333333336
1 0.58671875 0.09166666666666666 0.03984375 0.05572916666666667