1 0.634765625 0.465625 0.016015625 0.022916666666666665
1 0.187890625 0.153125 0.047265625 0.058333333333333334
1 0.082421875 0.7489583333333333 0.028515625 0.052083333333333336
1 0.1421875 0.5875 0.01640625 0.021875
1 0.121484375 0.46770833333333334 0.01484375 0.021875
1 0.078515625 0.39791666666666664 0.016015625 0.015104166666666667
1 0.2890625 0.328125 0.0171875 0.021875
1 0.3578125 0.771875 0.0375 0.046875
1 0.08828125 0.23333333333333334 0.012890625 0.020833333333333332
1 0.7171875 0.7348958333333333 0.01484375 0.020833333333333332
1 0.54921875 0.3338541666666667 0.013671875 0.022916666666666665
1 0.51875 0.859375 0.014453125 0.019791666666666666
0 0.898046875 0.9677083333333333 0.0171875 0.016145833333333335
1 0.840234375 0.846875 0.015625 0.016145833333333335
1 0.637109375 0.7078125 0.015625 0.0375
0 0.415625 0.7208333333333333 0.012890625 0.0171875
1 0.525390625 0.5708333333333333 0.014453125 0.023958333333333335
1 0.361328125 0.5848958333333333 0.01328125 0.021354166666666667
0 0.00390625 0.821875 0.0078125 0.014583333333333334
0 0.0640625 0.8796875 0.03671875 0.044270833333333336
1 0.1828125 0.7692708333333333 0.01640625 0.0171875
1 0.95703125 0.8026041666666667 0.038671875 0.051041666666666666
1 0.92734375 0.6885416666666667 0.016015625 0.020833333333333332
1 0.805859375 0.684375 0.014453125 0.021354166666666667
1 0.97734375 0.5828125 0.025390625 0.04479166666666667
1 0.7546875 0.5869791666666667 0.018359375 0.026041666666666668
1 0.727734375 0.5510416666666667 0.01328125 0.017708333333333333
1 0.80078125 0.43697916666666664 0.016015625 0.018229166666666668
0 0.923046875 0.4088541666666667 0.01171875 0.018229166666666668
1 0.89453125 0.31666666666666665 0.04140625 0.05625
0 0.82578125 0.24947916666666667 0.0125 0.020833333333333332
0 0.912890625 0.09427083333333333 0.01484375 0.023958333333333335
0 0.85859375 0.021354166666666667 0.0140625 0.021354166666666667
1 0.725390625 0.09635416666666667 0.034375 0.04635416666666667
0 0.414453125 0.04010416666666667 0.04140625 0.05416666666666667
1 0.03359375 0.0067708333333333336 0.0109375 0.013541666666666667
0 0.280078125 0.1 0.01640625 0.017708333333333333
1 0.0859375 0.07447916666666667 0.01640625 0.0203125
1 0.496875 0.0953125 0.01484375 0.0234375
1 0.446484375 0.4421875 0.038671875 0.049479166666666664
1 0.053515625 0.39010416666666664 0.017578125 0.024479166666666666
0 0.387109375 0.33645833333333336 0.016796875 0.021875
1 0.33671875 0.17395833333333333 0.016796875 0.019791666666666666
0 0.26171875 0.596875 0.0390625 0.0515625
1 0.006640625 0.26458333333333334 0.01328125 0.027083333333333334