0 0.222265625 0.8270833333333333 0.01484375 0.0203125
1 0.38671875 0.9286458333333333 0.01484375 0.025520833333333333
0 0.276171875 0.375 0.0125 0.019791666666666666
1 0.218359375 0.1875 0.015625 0.019791666666666666
1 0.606640625 0.6838541666666667 0.014453125 0.021354166666666667
1 0.285546875 0.29010416666666666 0.01640625 0.025520833333333333
1 0.073828125 0.6723958333333333 0.0171875 0.021354166666666667
0 0.400390625 0.6432291666666666 0.016796875 0.020833333333333332
0 0.335546875 0.5541666666666667 0.0171875 0.021354166666666667
0 0.320703125 0.7864583333333334 0.030078125 0.0421875
0 0.17734375 0.7026041666666667 0.0140625 0.0234375
0 0.162109375 0.6067708333333334 0.0171875 0.018229166666666668
1 0.110546875 0.022916666666666665 0.013671875 0.017708333333333333
1 0.147265625 0.011458333333333333 0.009765625 0.017708333333333333
1 0.073046875 0.2015625 0.023046875 0.021354166666666667
1 0.0671875 0.1859375 0.01640625 0.022395833333333334
1 0.452734375 0.4473958333333333 0.02578125 0.046875
0 0.40625 0.7541666666666667 0.01484375 0.013541666666666667
1 0.076171875 0.0125 0.02578125 0.025
0 0.787890625 0.3177083333333333 0.012890625 0.018229166666666668
0 0.799609375 0.21614583333333334 0.015234375 0.0171875
1 0.633203125 0.4864583333333333 0.012890625 0.022395833333333334
1 0.46484375 0.17552083333333332 0.0234375 0.04635416666666667
1 0.234765625 0.34739583333333335 0.012109375 0.016666666666666666
1 0.21015625 0.5083333333333333 0.016015625 0.018229166666666668
0 0.05703125 0.7895833333333333 0.03671875 0.059895833333333336
1 0.08125 0.5463541666666667 0.014453125 0.021875
1 0.076953125 0.44427083333333334 0.01953125 0.0421875
0 0.102734375 0.3463541666666667 0.01640625 0.020833333333333332
0 0.1671875 0.27239583333333334 0.0171875 0.019791666666666666
1 0.26796875 0.27239583333333334 0.015625 0.022916666666666665
0 0.664453125 0.16145833333333334 0.032421875 0.040625
1 0.640625 0.16510416666666666 0.0125 0.017708333333333333
1 0.8921875 0.8671875 0.0171875 0.021354166666666667
1 0.6234375 0.3182291666666667 0.030078125 0.0359375
1 0.52421875 0.3880208333333333 0.01796875 0.025
1 0.51015625 0.303125 0.0171875 0.019270833333333334
0 0.623828125 0.3484375 0.036328125 0.04479166666666667
1 0.497265625 0.11979166666666667 0.03125 0.046875
0 0.111328125 0.38385416666666666 0.03359375 0.050520833333333334
1 0.683203125 0.6328125 0.03671875 0.052083333333333336
1 0.14609375 0.7348958333333333 0.035546875 0.0515625
1 0.484765625 0.81875 0.010546875 0.021875
1 0.409765625 0.9427083333333334 0.03203125 0.04479166666666667
1 0.4734375 0.11354166666666667 0.015234375 0.019270833333333334
0 0.18828125 0.058854166666666666 0.030078125 0.050520833333333334
1 0.562890625 0.06145833333333333 0.016015625 0.021875
1 0.868359375 0.15677083333333333 0.016015625 0.022916666666666665
1 0.440234375 0.6505208333333333 0.013671875 0.019270833333333334
1 0.869921875 0.615625 0.036328125 0.05260416666666667
1 0.501953125 0.8307291666666666 0.025390625 0.04583333333333333
1 0.332421875 0.32864583333333336 0.015234375 0.018229166666666668
0 0.212109375 0.5557291666666667 0.030078125 0.04479166666666667
1 0.094921875 0.9239583333333333 0.014453125 0.021354166666666667
1 0.68203125 0.008333333333333333 0.01484375 0.016666666666666666
0 0.7109375 0.3359375 0.014453125 0.0203125
0 0.92109375 0.33177083333333335 0.017578125 0.019270833333333334
0 0.937890625 0.48333333333333334 0.015625 0.017708333333333333
0 0.653125 0.7807291666666667 0.01640625 0.022916666666666665
0 0.753515625 0.8661458333333333 0.019921875 0.019791666666666666
0 0.826171875 0.9614583333333333 0.016015625 0.019270833333333334
1 0.848828125 0.7088541666666667 0.015625 0.021354166666666667
0 0.76640625 0.6807291666666667 0.014453125 0.019791666666666666
0 0.753515625 0.6171875 0.014453125 0.01875
0 0.72734375 0.49375 0.0171875 0.0171875
0 0.825 0.55 0.01484375 0.01875
1 0.171484375 0.1140625 0.012890625 0.019270833333333334
0 0.26484375 0.47239583333333335 0.013671875 0.019270833333333334
1 0.23671875 0.16145833333333334 0.014453125 0.01875
1 0.350390625 0.3880208333333333 0.015234375 0.0203125
1 0.392578125 0.6760416666666667 0.016796875 0.021354166666666667
1 0.808203125 0.3572916666666667 0.03828125 0.05416666666666667
1 0.108984375 0.9609375 0.0125 0.019270833333333334
1 0.373828125 0.49895833333333334 0.0140625 0.020833333333333332
1 0.812109375 0.07916666666666666 0.026953125 0.03697916666666667
1 0.091015625 0.22552083333333334 0.040234375 0.0546875
1 0.0484375 0.1453125 0.012109375 0.016666666666666666
0 0.034765625 0.8510416666666667 0.01796875 0.018229166666666668