1 0.358203125 0.7739583333333333 0.03828125 0.05
0 0.359765625 0.578125 0.0125 0.020833333333333332
0 0.132421875 0.7557291666666667 0.01015625 0.015104166666666667
0 0.729296875 0.4322916666666667 0.048828125 0.06822916666666666
1 0.407421875 0.15989583333333332 0.016015625 0.018229166666666668
1 0.752734375 0.7958333333333333 0.015234375 0.022916666666666665
0 0.662890625 0.8057291666666667 0.03984375 0.059375
1 0.04921875 0.28541666666666665 0.015234375 0.025
0 0.77265625 0.4432291666666667 0.0140625 0.019791666666666666
1 0.619140625 0.0203125 0.014453125 0.019270833333333334
1 0.725 0.1875 0.016015625 0.021354166666666667
1 0.0171875 0.7197916666666667 0.033984375 0.0578125
0 0.316796875 0.7401041666666667 0.0140625 0.016666666666666666
0 0.544140625 0.55625 0.041796875 0.0546875
1 0.875390625 0.059375 0.01484375 0.0203125
0 0.366796875 0.909375 0.011328125 0.019791666666666666
1 0.184375 0.6666666666666666 0.017578125 0.023958333333333335
1 0.48828125 0.2916666666666667 0.0140625 0.021354166666666667
0 0.704296875 0.6489583333333333 0.012890625 0.020833333333333332
0 0.512109375 0.8291666666666667 0.012109375 0.019270833333333334
1 0.825 0.95 0.014453125 0.021875
1 0.311328125 0.1390625 0.014453125 0.0234375
1 0.943359375 0.6265625 0.018359375 0.014583333333333334
1 0.928125 0.259375 0.015625 0.023958333333333335
1 0.974609375 0.24583333333333332 0.015234375 0.020833333333333332
1 0.5171875 0.12604166666666666 0.015625 0.020833333333333332
0 0.147265625 0.50625 0.01640625 0.01875
0 0.09765625 0.14791666666666667 0.0140625 0.0140625
1 0.18984375 0.08020833333333334 0.01640625 0.01875
0 0.012890625 0.050520833333333334 0.0140625 0.016666666666666666
0 0.079296875 0.078125 0.01484375 0.022395833333333334
0 0.641796875 0.1234375 0.040234375 0.0578125
1 0.287890625 0.5317708333333333 0.03828125 0.052083333333333336
0 0.31015625 0.4078125 0.01484375 0.019270833333333334
1 0.959765625 0.184375 0.01484375 0.019791666666666666
0 0.957421875 0.08333333333333333 0.0171875 0.020833333333333332
1 0.026953125 0.3859375 0.011328125 0.0265625
0 0.496484375 0.6875 0.0140625 0.016145833333333335
1 0.18359375 0.23177083333333334 0.037890625 0.04791666666666667