1 0.144140625 0.9828125 0.022265625 0.025
1 0.149609375 0.54375 0.01796875 0.0203125
1 0.449609375 0.39479166666666665 0.01953125 0.025
0 0.25703125 0.42552083333333335 0.021875 0.03229166666666667
0 0.74140625 0.9859375 0.0140625 0.017708333333333333
0 0.024609375 0.8723958333333334 0.015234375 0.017708333333333333
1 0.72421875 0.6828125 0.021484375 0.028125
0 0.828515625 0.928125 0.02109375 0.024479166666666666
0 0.42578125 0.15104166666666666 0.01953125 0.0234375
1 0.777734375 0.22239583333333332 0.021875 0.027604166666666666
0 0.171484375 0.1859375 0.02265625 0.020833333333333332
1 0.732421875 0.38958333333333334 0.022265625 0.027604166666666666
0 0.014453125 0.10416666666666667 0.019140625 0.025520833333333333
1 0.611328125 0.15364583333333334 0.021484375 0.021354166666666667
0 0.923828125 0.4713541666666667 0.0375 0.0609375
0 0.286328125 0.175 0.04453125 0.06458333333333334
1 0.368359375 0.7453125 0.026171875 0.029166666666666667
0 0.66328125 0.5953125 0.044921875 0.0609375
1 0.834375 0.5807291666666666 0.017578125 0.028125
0 0.711328125 0.05416666666666667 0.040625 0.06354166666666666
1 0.1984375 0.7380208333333333 0.02109375 0.022395833333333334
0 0.147265625 0.6911458333333333 0.01875 0.021354166666666667
0 0.19375 0.6776041666666667 0.048046875 0.07708333333333334
1 0.566015625 0.5395833333333333 0.020703125 0.027083333333333334
1 0.591015625 0.9322916666666666 0.047265625 0.057291666666666664
1 0.68046875 0.9296875 0.01953125 0.028125
0 0.633984375 0.65625 0.0203125 0.020833333333333332
0 0.39296875 0.6864583333333333 0.02109375 0.025
0 0.43203125 0.8234375 0.049609375 0.06302083333333333
0 0.930078125 0.8541666666666666 0.0328125 0.06041666666666667
0 0.910546875 0.10625 0.048046875 0.06927083333333334
0 0.51640625 0.49270833333333336 0.0484375 0.0671875
0 0.644140625 0.32864583333333336 0.01953125 0.027083333333333334
0 0.5078125 0.8328125 0.021484375 0.0265625
0 0.3359375 0.8447916666666667 0.023046875 0.03177083333333333
1 0.116796875 0.8447916666666667 0.019921875 0.025520833333333333
1 0.85859375 0.0359375 0.0203125 0.028125