1 0.71328125 0.22447916666666667 0.021484375 0.025
0 0.180078125 0.4119791666666667 0.021484375 0.027604166666666666
0 0.590625 0.8302083333333333 0.054296875 0.06614583333333333
1 0.566796875 0.4901041666666667 0.013671875 0.019791666666666666
0 0.243359375 0.3734375 0.049609375 0.06458333333333334
0 0.678515625 0.740625 0.020703125 0.0265625
0 0.862890625 0.15 0.01875 0.025520833333333333
0 0.5046875 0.23072916666666668 0.01953125 0.022395833333333334
0 0.74296875 0.024479166666666666 0.053125 0.04895833333333333
0 0.038671875 0.6739583333333333 0.057421875 0.0609375
0 0.066015625 0.5333333333333333 0.019921875 0.019270833333333334
0 0.93046875 0.6614583333333334 0.056640625 0.065625
0 0.898828125 0.8734375 0.01328125 0.019270833333333334
0 0.61875 0.15520833333333334 0.022265625 0.027604166666666666
0 0.3671875 0.15052083333333333 0.021875 0.027604166666666666
0 0.854296875 0.5692708333333333 0.019140625 0.03177083333333333
0 0.676171875 0.415625 0.023046875 0.025520833333333333
0 0.284375 0.7494791666666667 0.022265625 0.029166666666666667
0 0.431640625 0.8484375 0.022265625 0.0265625
1 0.067578125 0.04583333333333333 0.019140625 0.027083333333333334
1 0.196875 0.8989583333333333 0.01171875 0.015104166666666667
1 0.837109375 0.8046875 0.019140625 0.030729166666666665
0 0.0765625 0.7552083333333334 0.019140625 0.025520833333333333
0 0.4625 0.3828125 0.018359375 0.026041666666666668
0 0.957421875 0.38333333333333336 0.015234375 0.022916666666666665
1 0.3375 0.5109375 0.021875 0.0265625
1 0.80703125 0.3802083333333333 0.021484375 0.028125
1 0.246875 0.1734375 0.018359375 0.0234375
0 0.3625 0.9208333333333333 0.019921875 0.03125
0 0.250390625 0.0796875 0.04296875 0.049479166666666664