1 0.86328125 0.5770833333333333 0.019921875 0.027083333333333334
1 0.581640625 0.09583333333333334 0.023046875 0.0296875
0 0.6734375 0.058333333333333334 0.039453125 0.05520833333333333
1 0.214453125 0.11979166666666667 0.022265625 0.030208333333333334
0 0.036328125 0.014583333333333334 0.019140625 0.023958333333333335
1 0.4953125 0.459375 0.02421875 0.030729166666666665
0 0.26875 0.4432291666666667 0.021875 0.027083333333333334
0 0.8828125 0.11875 0.021875 0.0296875
1 0.770703125 0.8041666666666667 0.016796875 0.017708333333333333
0 0.926171875 0.7697916666666667 0.052734375 0.0640625
1 0.154296875 0.5755208333333334 0.05 0.0578125
0 0.604296875 0.8208333333333333 0.05078125 0.06458333333333334
0 0.349609375 0.9380208333333333 0.0234375 0.028645833333333332
0 0.366015625 0.20208333333333334 0.044140625 0.058854166666666666
1 0.226171875 0.7302083333333333 0.02421875 0.029166666666666667
1 0.70546875 0.4979166666666667 0.023828125 0.028645833333333332
1 0.834375 0.37135416666666665 0.023046875 0.030729166666666665
1 0.420703125 0.103125 0.02421875 0.029166666666666667