0 0.64296875 0.8442708333333333 0.017578125 0.023958333333333335
1 0.723046875 0.40729166666666666 0.0484375 0.06614583333333333
1 0.512890625 0.6973958333333333 0.020703125 0.027604166666666666
0 0.6796875 0.8828125 0.01796875 0.026041666666666668
0 0.815234375 0.8588541666666667 0.055859375 0.06822916666666666
0 0.183984375 0.9260416666666667 0.046484375 0.05677083333333333
0 0.083203125 0.029166666666666667 0.02109375 0.026041666666666668
0 0.4125 0.1125 0.019921875 0.0265625
0 0.662890625 0.19739583333333333 0.023046875 0.030208333333333334
0 0.911328125 0.8859375 0.02109375 0.025520833333333333
0 0.3921875 0.6697916666666667 0.04375 0.05416666666666667
1 0.64765625 0.6651041666666667 0.015625 0.030729166666666665
0 0.683203125 0.5052083333333334 0.022265625 0.026041666666666668
1 0.20234375 0.8145833333333333 0.019921875 0.023958333333333335
1 0.3109375 0.6729166666666667 0.0203125 0.025520833333333333
0 0.459765625 0.5401041666666667 0.017578125 0.019270833333333334
1 0.9046875 0.09947916666666666 0.021875 0.0265625
1 0.963671875 0.47291666666666665 0.02109375 0.027604166666666666
1 0.2234375 0.10104166666666667 0.055078125 0.07291666666666667