1 0.565625 0.9515625 0.0140625 0.0171875
0 0.483203125 0.3015625 0.05 0.06510416666666667
0 0.83515625 0.017708333333333333 0.01875 0.027083333333333334
0 0.097265625 0.6828125 0.0234375 0.027604166666666666
0 0.28671875 0.7567708333333333 0.01875 0.0234375
0 0.759375 0.45 0.02265625 0.028125
0 0.913671875 0.6578125 0.02265625 0.028125
1 0.7109375 0.7192708333333333 0.025390625 0.029166666666666667
0 0.021484375 0.10572916666666667 0.04296875 0.059375
1 0.576171875 0.8197916666666667 0.013671875 0.0140625
0 0.98203125 0.03125 0.0359375 0.0625
1 0.3140625 0.9859375 0.016796875 0.027083333333333334
1 0.49296875 0.14479166666666668 0.02109375 0.025520833333333333
0 0.460546875 0.68125 0.04609375 0.06197916666666667
0 0.6421875 0.9734375 0.0578125 0.053125
0 0.85546875 0.29375 0.020703125 0.028125
1 0.83359375 0.9901041666666667 0.013671875 0.017708333333333333
1 0.481640625 0.48489583333333336 0.021875 0.027604166666666666
0 0.16171875 0.2984375 0.02109375 0.0265625
0 0.264453125 0.4625 0.019140625 0.026041666666666668
0 0.38203125 0.2708333333333333 0.023046875 0.025
0 0.575 0.16614583333333333 0.018359375 0.0203125
0 0.14140625 0.8333333333333334 0.012890625 0.0140625