0 0.2984375 0.10989583333333333 0.019921875 0.026041666666666668
0 0.338671875 0.6135416666666667 0.051171875 0.065625
1 0.48359375 0.078125 0.01328125 0.016666666666666666
0 0.623046875 0.0234375 0.01875 0.023958333333333335
1 0.718359375 0.0609375 0.02109375 0.021875
0 0.027734375 0.21458333333333332 0.02109375 0.027083333333333334
1 0.841015625 0.25625 0.02421875 0.03229166666666667
1 0.6328125 0.6276041666666666 0.051171875 0.06822916666666666
0 0.7828125 0.5776041666666667 0.023046875 0.0296875
1 0.98125 0.7213541666666666 0.0234375 0.0296875
0 0.94765625 0.41510416666666666 0.043359375 0.058333333333333334
1 0.648828125 0.8098958333333334 0.02578125 0.030729166666666665
1 0.466015625 0.36666666666666664 0.02265625 0.03125
1 0.133203125 0.8432291666666667 0.0265625 0.030729166666666665
1 0.580859375 0.14010416666666667 0.026171875 0.03333333333333333
1 0.01171875 0.628125 0.0234375 0.029166666666666667
0 0.2453125 0.471875 0.020703125 0.028645833333333332
0 0.2171875 0.8755208333333333 0.021875 0.0234375
0 0.1578125 0.32395833333333335 0.0484375 0.059375