0 0.486328125 0.009375 0.01640625 0.018229166666666668
0 0.334375 0.32916666666666666 0.040625 0.059895833333333336
1 0.705859375 0.7432291666666667 0.019921875 0.027604166666666666
1 0.81953125 0.7692708333333333 0.022265625 0.028645833333333332
1 0.20234375 0.590625 0.02109375 0.025
1 0.25859375 0.959375 0.021484375 0.029166666666666667
1 0.5296875 0.109375 0.01171875 0.011979166666666667
1 0.724609375 0.40625 0.05078125 0.065625
0 0.430859375 0.8546875 0.012890625 0.021875
1 0.85234375 0.4921875 0.019921875 0.028645833333333332
0 0.394140625 0.6598958333333333 0.054296875 0.07291666666666667
0 0.105078125 0.7489583333333333 0.023046875 0.030729166666666665
0 0.41015625 0.984375 0.019921875 0.023958333333333335
0 0.5484375 0.29010416666666666 0.016796875 0.021354166666666667
0 0.181640625 0.31302083333333336 0.01875 0.026041666666666668
0 0.4875 0.5395833333333333 0.015234375 0.024479166666666666
0 0.628515625 0.4984375 0.01953125 0.024479166666666666
0 0.01484375 0.1734375 0.0296875 0.06354166666666666
0 0.189453125 0.028125 0.01953125 0.028125
0 0.855078125 0.24322916666666666 0.01953125 0.025520833333333333
0 0.426953125 0.7401041666666667 0.01328125 0.017708333333333333
1 0.8515625 0.540625 0.010546875 0.013541666666666667