1 0.971875 0.7083333333333334 0.015625 0.013020833333333334
0 0.444140625 0.8598958333333333 0.01171875 0.013541666666666667
1 0.19453125 0.5708333333333333 0.020703125 0.024479166666666666
1 0.18125 0.6755208333333333 0.045703125 0.058333333333333334
0 0.264453125 0.38177083333333334 0.023828125 0.025
0 0.30546875 0.9692708333333333 0.01875 0.023958333333333335
1 0.473828125 0.8953125 0.045703125 0.05677083333333333
0 0.603515625 0.859375 0.020703125 0.025520833333333333
1 0.626171875 0.5270833333333333 0.026171875 0.030729166666666665
0 0.16328125 0.178125 0.04765625 0.06197916666666667
0 0.587109375 0.21822916666666667 0.0421875 0.05364583333333333
1 0.18828125 0.009375 0.021484375 0.017708333333333333
1 0.35703125 0.4979166666666667 0.020703125 0.026041666666666668
0 0.22890625 0.24479166666666666 0.014453125 0.0125
0 0.7796875 0.1171875 0.022265625 0.025
0 0.778125 0.3338541666666667 0.0203125 0.026041666666666668
0 0.89609375 0.9677083333333333 0.015234375 0.021875
1 0.401171875 0.05677083333333333 0.05703125 0.071875
0 0.557421875 0.25364583333333335 0.018359375 0.022916666666666665
0 0.460546875 0.39010416666666664 0.020703125 0.027083333333333334
1 0.1890625 0.8104166666666667 0.017578125 0.03125
1 0.552734375 0.85625 0.01328125 0.017708333333333333
0 0.53046875 0.303125 0.025 0.04010416666666667
0 0.783984375 0.6822916666666666 0.019921875 0.028645833333333332