0 0.923828125 0.14635416666666667 0.01953125 0.021354166666666667
1 0.66875 0.9645833333333333 0.025 0.019270833333333334
0 0.81171875 0.8052083333333333 0.01796875 0.022395833333333334
0 0.39453125 0.196875 0.01953125 0.028125
0 0.283984375 0.296875 0.0171875 0.024479166666666666
1 0.091796875 0.9916666666666667 0.01953125 0.016145833333333335
0 0.229296875 0.48489583333333336 0.015625 0.020833333333333332
0 0.019921875 0.56875 0.01796875 0.020833333333333332
1 0.666015625 0.10677083333333333 0.01015625 0.0125
1 0.292578125 0.7557291666666667 0.016015625 0.023958333333333335
1 0.03125 0.3875 0.01640625 0.0171875
1 0.93203125 0.4640625 0.01015625 0.013541666666666667
1 0.952734375 0.04739583333333333 0.052734375 0.0578125
1 0.65390625 0.5744791666666667 0.01953125 0.022395833333333334
1 0.313671875 0.09895833333333333 0.012109375 0.015104166666666667
1 0.77578125 0.5755208333333334 0.0234375 0.03229166666666667
0 0.541796875 0.64375 0.049609375 0.06197916666666667
0 0.26484375 0.4828125 0.016796875 0.0203125
0 0.15 0.6427083333333333 0.019921875 0.015104166666666667
0 0.571484375 0.8302083333333333 0.015625 0.019791666666666666
0 0.03671875 0.21510416666666668 0.0171875 0.019270833333333334
0 0.15546875 0.11979166666666667 0.052734375 0.0578125
0 0.74921875 0.321875 0.01875 0.0265625
0 0.46171875 0.4661458333333333 0.01953125 0.0203125
0 0.862109375 0.615625 0.01015625 0.015104166666666667
1 0.2703125 0.375 0.0125 0.0109375
0 0.97734375 0.4734375 0.0109375 0.013020833333333334
1 0.441015625 0.8645833333333334 0.009375 0.014583333333333334
1 0.29375 0.6104166666666667 0.0140625 0.016145833333333335
0 0.193359375 0.9734375 0.014453125 0.015625