1 0.59609375 0.6197916666666666 0.0453125 0.04791666666666667
0 0.857421875 0.3776041666666667 0.046875 0.06041666666666667
1 0.971875 0.38333333333333336 0.021484375 0.027604166666666666
0 0.7640625 0.31875 0.024609375 0.027604166666666666
0 0.75703125 0.5005208333333333 0.023046875 0.025520833333333333
0 0.769921875 0.7005208333333334 0.02109375 0.025520833333333333
0 0.681640625 0.6255208333333333 0.023828125 0.025
0 0.905078125 0.8171875 0.020703125 0.023958333333333335
0 0.91015625 0.9072916666666667 0.020703125 0.025
1 0.742578125 0.8828125 0.021484375 0.025520833333333333
1 0.64921875 0.9260416666666667 0.023828125 0.03177083333333333
1 0.692578125 0.9760416666666667 0.025390625 0.0296875
1 0.444140625 0.9494791666666667 0.01796875 0.022916666666666665
1 0.425 0.890625 0.020703125 0.028645833333333332
0 0.578125 0.8192708333333333 0.02109375 0.026041666666666668
0 0.409765625 0.7140625 0.021484375 0.028645833333333332
1 0.29296875 0.6536458333333334 0.020703125 0.028125
0 0.148828125 0.7135416666666666 0.019921875 0.028125
1 0.01015625 0.5984375 0.019921875 0.03333333333333333
1 0.328125 0.4583333333333333 0.021484375 0.028125
0 0.0890625 0.37083333333333335 0.020703125 0.028645833333333332
1 0.271484375 0.20833333333333334 0.01796875 0.024479166666666666
0 0.49609375 0.24583333333333332 0.021875 0.027083333333333334
0 0.377734375 0.23125 0.020703125 0.023958333333333335
1 0.465234375 0.0421875 0.021875 0.028125
0 0.599609375 0.044270833333333336 0.021875 0.024479166666666666
0 0.65390625 0.17447916666666666 0.021875 0.027604166666666666
1 0.103125 0.9723958333333333 0.032421875 0.041666666666666664
1 0.1453125 0.8963541666666667 0.0203125 0.024479166666666666
1 0.19765625 0.6078125 0.046484375 0.0515625
1 0.576171875 0.4890625 0.022265625 0.028645833333333332
1 0.330078125 0.027604166666666666 0.023046875 0.029166666666666667
1 0.581640625 0.9802083333333333 0.019921875 0.027083333333333334
1 0.166796875 0.2125 0.02109375 0.024479166666666666
1 0.20859375 0.8828125 0.023046875 0.025
1 0.322265625 0.9328125 0.020703125 0.029166666666666667
1 0.053515625 0.08541666666666667 0.022265625 0.027083333333333334
1 0.51875 0.38333333333333336 0.019921875 0.023958333333333335
1 0.498046875 0.36770833333333336 0.0203125 0.03177083333333333
1 0.98203125 0.04010416666666667 0.01875 0.0265625
1 0.80078125 0.0078125 0.02265625 0.015625
1 0.173828125 0.465625 0.021484375 0.028645833333333332
1 0.317578125 0.19322916666666667 0.047265625 0.058333333333333334