1 0.108203125 0.071875 0.0203125 0.0265625
1 0.098046875 0.021354166666666667 0.0171875 0.023958333333333335
1 0.659765625 0.029166666666666667 0.023046875 0.029166666666666667
1 0.44375 0.209375 0.023046875 0.030208333333333334
1 0.20859375 0.5328125 0.025 0.03229166666666667
1 0.49609375 0.8161458333333333 0.01953125 0.027604166666666666
1 0.04453125 0.8911458333333333 0.02109375 0.026041666666666668
1 0.04375 0.8375 0.042578125 0.05364583333333333
1 0.6703125 0.5432291666666667 0.020703125 0.027604166666666666
1 0.626953125 0.8791666666666667 0.02109375 0.028125
1 0.246875 0.921875 0.023046875 0.027604166666666666
1 0.078125 0.9479166666666666 0.0234375 0.0265625
1 0.071875 0.8640625 0.01796875 0.0265625
1 0.3 0.809375 0.023828125 0.03177083333333333
1 0.0328125 0.6723958333333333 0.02265625 0.028645833333333332
1 0.1171875 0.7203125 0.02265625 0.0296875
1 0.136328125 0.6697916666666667 0.022265625 0.03125
1 0.06796875 0.6052083333333333 0.023046875 0.03125
1 0.55546875 0.13125 0.04296875 0.06041666666666667
1 0.324609375 0.25625 0.043359375 0.0546875
1 0.33359375 0.4010416666666667 0.041015625 0.050520833333333334
1 0.71484375 0.6546875 0.040234375 0.059895833333333336
1 0.78125 0.6973958333333333 0.021484375 0.028645833333333332
1 0.5484375 0.7567708333333333 0.0453125 0.052083333333333336
1 0.4953125 0.5942708333333333 0.044921875 0.0625
1 0.904296875 0.9333333333333333 0.044921875 0.06197916666666667
1 0.294140625 0.659375 0.044140625 0.05677083333333333
1 0.21171875 0.7302083333333333 0.04453125 0.05572916666666667
1 0.183984375 0.9546875 0.04453125 0.053125
1 0.716015625 0.34010416666666665 0.01953125 0.024479166666666666
1 0.606640625 0.29375 0.01875 0.0265625
1 0.74921875 0.18854166666666666 0.01875 0.025520833333333333
1 0.913671875 0.4083333333333333 0.0203125 0.026041666666666668
0 0.801171875 0.10885416666666667 0.02265625 0.025520833333333333
1 0.8453125 0.14895833333333333 0.021875 0.0265625
0 0.445703125 0.42239583333333336 0.02578125 0.028125
0 0.637890625 0.2828125 0.046484375 0.059375
0 0.701953125 0.20260416666666667 0.0203125 0.025520833333333333
0 0.391015625 0.7578125 0.040625 0.052083333333333336
1 0.4890625 0.3177083333333333 0.046484375 0.06145833333333333
0 0.025 0.6057291666666667 0.040625 0.04791666666666667
0 0.29765625 0.9838541666666667 0.040625 0.03229166666666667
0 0.831640625 0.8229166666666666 0.016796875 0.019270833333333334
0 0.922265625 0.778125 0.0171875 0.021875
0 0.643359375 0.40208333333333335 0.022265625 0.027604166666666666
0 0.116796875 0.5098958333333333 0.026171875 0.033854166666666664
0 0.415625 0.696875 0.021875 0.028125
0 0.57890625 0.796875 0.022265625 0.027604166666666666
0 0.816796875 0.8963541666666667 0.020703125 0.0265625
0 0.134375 0.865625 0.022265625 0.027604166666666666
0 0.032421875 0.7489583333333333 0.023828125 0.028645833333333332
1 0.3859375 0.5208333333333334 0.0234375 0.028645833333333332
1 0.28125 0.5083333333333333 0.021875 0.03333333333333333
1 0.193359375 0.41875 0.01953125 0.026041666666666668
1 0.095703125 0.7822916666666667 0.022265625 0.03229166666666667
1 0.18359375 0.7973958333333333 0.02265625 0.027083333333333334
1 0.41015625 0.9005208333333333 0.02421875 0.0265625
1 0.71484375 0.9739583333333334 0.022265625 0.027604166666666666
1 0.962109375 0.9026041666666667 0.02265625 0.028125
1 0.551171875 0.3333333333333333 0.025 0.029166666666666667
1 0.453515625 0.553125 0.022265625 0.0265625
1 0.38203125 0.42291666666666666 0.01796875 0.025
1 0.45390625 0.07552083333333333 0.0234375 0.028645833333333332
1 0.40390625 0.01875 0.022265625 0.029166666666666667
1 0.423046875 0.014583333333333334 0.018359375 0.025520833333333333
1 0.565625 0.009375 0.025390625 0.01875
1 0.48203125 0.00625 0.0203125 0.011979166666666667
0 0.925 0.084375 0.02265625 0.025
1 0.596484375 0.6994791666666667 0.019921875 0.028645833333333332
0 0.808984375 0.259375 0.02109375 0.030729166666666665
1 0.57890625 0.9505208333333334 0.025 0.03229166666666667
0 0.198046875 0.8932291666666666 0.01953125 0.022916666666666665
1 0.331640625 0.6994791666666667 0.020703125 0.027604166666666666
0 0.940625 0.2598958333333333 0.020703125 0.03229166666666667
0 0.90546875 0.5557291666666667 0.044921875 0.05416666666666667
0 0.6515625 0.6494791666666667 0.019140625 0.024479166666666666
0 0.62734375 0.4864583333333333 0.023046875 0.027604166666666666
0 0.53984375 0.4453125 0.019921875 0.023958333333333335
0 0.351171875 0.0921875 0.019921875 0.024479166666666666
1 0.27734375 0.1078125 0.0203125 0.0265625
1 0.0515625 0.0359375 0.022265625 0.028645833333333332
1 0.0125 0.11822916666666666 0.021484375 0.027604166666666666
1 0.277734375 0.03125 0.023046875 0.030208333333333334
1 0.090234375 0.171875 0.020703125 0.03229166666666667
1 0.225 0.15052083333333333 0.024609375 0.03229166666666667
1 0.17109375 0.2 0.02265625 0.033854166666666664
1 0.10390625 0.2265625 0.021484375 0.028125
1 0.054296875 0.25885416666666666 0.02421875 0.0328125
1 0.02421875 0.38385416666666666 0.023046875 0.026041666666666668
1 0.09453125 0.3645833333333333 0.0234375 0.03125
1 0.15703125 0.32395833333333335 0.020703125 0.026041666666666668
1 0.213671875 0.33229166666666665 0.025 0.03125
0 0.725 0.14322916666666666 0.0453125 0.06302083333333333
1 0.8640625 0.09791666666666667 0.04609375 0.06145833333333333
1 0.860546875 0.4578125 0.04296875 0.0578125
1 0.7171875 0.4348958333333333 0.0453125 0.058854166666666666
1 0.9015625 0.3046875 0.01953125 0.026041666666666668
1 0.866796875 0.7630208333333334 0.018359375 0.027604166666666666
1 0.888671875 0.5921875 0.019921875 0.025
1 0.201171875 0.09322916666666667 0.01796875 0.03333333333333333
1 0.036328125 0.9276041666666667 0.019921875 0.0203125
1 0.05234375 0.5140625 0.024609375 0.03177083333333333
1 0.1265625 0.25104166666666666 0.017578125 0.022916666666666665
1 0.360546875 0.22239583333333332 0.01875 0.022916666666666665
1 0.257421875 0.4171875 0.02265625 0.024479166666666666
1 0.34296875 0.3380208333333333 0.021875 0.022916666666666665
1 0.73046875 0.846875 0.023046875 0.0265625
1 0.955859375 0.521875 0.021484375 0.0265625
1 0.712109375 0.7630208333333334 0.02109375 0.026041666666666668
1 0.19609375 0.6697916666666667 0.021875 0.027083333333333334
1 0.246484375 0.6822916666666666 0.021875 0.027604166666666666
1 0.34921875 0.7458333333333333 0.01953125 0.027604166666666666
1 0.523828125 0.9380208333333333 0.022265625 0.0234375
1 0.752734375 0.010416666666666666 0.021484375 0.020833333333333332
1 0.56171875 0.5916666666666667 0.021484375 0.028645833333333332
1 0.526171875 0.22552083333333334 0.020703125 0.03125
1 0.621875 0.178125 0.0234375 0.029166666666666667
1 0.390625 0.5895833333333333 0.022265625 0.0265625
1 0.66015625 0.8416666666666667 0.018359375 0.0265625
1 0.76015625 0.5203125 0.021875 0.029166666666666667