1 0.7421875 0.09166666666666666 0.019140625 0.0296875
0 0.855078125 0.35052083333333334 0.01953125 0.021875
0 0.97421875 0.13854166666666667 0.02109375 0.028125
0 0.99375 0.43072916666666666 0.012109375 0.021875
0 0.79765625 0.859375 0.02265625 0.024479166666666666
1 0.40546875 0.21666666666666667 0.05703125 0.07083333333333333
0 0.653515625 0.9859375 0.021875 0.028125
1 0.009765625 0.10885416666666667 0.01953125 0.028645833333333332
0 0.67265625 0.021875 0.054296875 0.04375
0 0.446875 0.6359375 0.019921875 0.019791666666666666
0 0.20390625 0.7802083333333333 0.021875 0.025
0 0.374609375 0.8572916666666667 0.021484375 0.025
1 0.544921875 0.8385416666666666 0.046875 0.057291666666666664
0 0.85390625 0.590625 0.02265625 0.027604166666666666
0 0.64453125 0.6604166666666667 0.02109375 0.024479166666666666
0 0.396875 0.6 0.0515625 0.06822916666666666
1 0.32734375 0.09739583333333333 0.02109375 0.027604166666666666
0 0.071484375 0.2859375 0.051953125 0.0671875
0 0.025 0.6458333333333334 0.019140625 0.025
0 0.019921875 0.8677083333333333 0.01875 0.026041666666666668
0 0.820703125 0.9901041666666667 0.04453125 0.019270833333333334
1 0.380859375 0.35885416666666664 0.022265625 0.0265625
0 0.167578125 0.253125 0.01875 0.025520833333333333
1 0.609765625 0.1171875 0.021484375 0.029166666666666667
1 0.1078125 0.37552083333333336 0.021484375 0.025520833333333333
1 0.609765625 0.3776041666666667 0.023828125 0.03229166666666667
1 0.7296875 0.4078125 0.023046875 0.028125
1 0.465234375 0.109375 0.01953125 0.028645833333333332
1 0.201953125 0.4739583333333333 0.02265625 0.027604166666666666