1 0.3078125 0.8994791666666667 0.021484375 0.028125
0 0.90859375 0.346875 0.05078125 0.06510416666666667
0 0.781640625 0.15625 0.021875 0.028645833333333332
0 0.518359375 0.06041666666666667 0.05546875 0.06302083333333333
0 0.53046875 0.21041666666666667 0.021875 0.025
0 0.380078125 0.09635416666666667 0.021484375 0.024479166666666666
1 0.19921875 0.09479166666666666 0.053515625 0.06614583333333333
0 0.098828125 0.825 0.02265625 0.028125
0 0.375390625 0.7770833333333333 0.022265625 0.030208333333333334
0 0.892578125 0.5963541666666666 0.021875 0.028125
1 0.0859375 0.6223958333333334 0.02109375 0.030729166666666665
1 0.013671875 0.4630208333333333 0.026953125 0.058333333333333334
1 0.273828125 0.3125 0.022265625 0.0296875
0 0.580078125 0.7666666666666667 0.01875 0.0234375
0 0.641015625 0.8432291666666667 0.0203125 0.0296875
0 0.766015625 0.909375 0.016796875 0.021354166666666667
0 0.96484375 0.08229166666666667 0.0203125 0.027083333333333334
1 0.0359375 0.2989583333333333 0.022265625 0.027604166666666666
0 0.549609375 0.26510416666666664 0.0203125 0.026041666666666668
0 0.258203125 0.471875 0.05078125 0.0640625
0 0.386328125 0.6932291666666667 0.05078125 0.06614583333333333
0 0.966796875 0.9197916666666667 0.05 0.0671875
0 0.73515625 0.646875 0.055078125 0.06927083333333334
1 0.424609375 0.4401041666666667 0.0234375 0.030729166666666665
0 0.8125 0.43333333333333335 0.01953125 0.023958333333333335
1 0.699609375 0.0109375 0.01953125 0.021875
1 0.061328125 0.1375 0.02109375 0.024479166666666666