1 0.00859375 0.3875 0.0171875 0.04114583333333333
1 0.546875 0.4895833333333333 0.026171875 0.03229166666666667
1 0.3265625 0.22291666666666668 0.062109375 0.09270833333333334
1 0.547265625 0.090625 0.05859375 0.07864583333333333
1 0.21875 0.07239583333333334 0.028125 0.03697916666666667
0 0.784765625 0.5307291666666667 0.018359375 0.024479166666666666
1 0.112890625 0.7979166666666667 0.048828125 0.0828125
0 0.019140625 0.12447916666666667 0.03828125 0.084375
0 0.276953125 0.571875 0.021484375 0.029166666666666667
0 0.248046875 0.5713541666666667 0.023046875 0.0296875
1 0.76640625 0.2671875 0.06484375 0.0828125