0 0.81875 0.07916666666666666 0.016796875 0.020833333333333332
1 0.965625 0.0984375 0.0609375 0.08385416666666666
1 0.930078125 0.8541666666666666 0.0640625 0.084375
1 0.130078125 0.008333333333333333 0.03203125 0.016666666666666666
0 0.31328125 0.0609375 0.053125 0.07864583333333333
1 0.025 0.8677083333333333 0.027734375 0.030729166666666665
1 0.304296875 0.5510416666666667 0.016796875 0.03229166666666667
0 0.794140625 0.7651041666666667 0.021875 0.030729166666666665
0 0.394140625 0.9348958333333334 0.0234375 0.03177083333333333
0 0.91953125 0.3619791666666667 0.021875 0.030729166666666665
0 0.198828125 0.05520833333333333 0.019140625 0.027604166666666666
0 0.8375 0.4453125 0.0296875 0.026041666666666668
1 0.583984375 0.6192708333333333 0.0671875 0.0875
1 0.075 0.5135416666666667 0.02734375 0.028645833333333332
0 0.487890625 0.4432291666666667 0.023046875 0.028125
1 0.23828125 0.5911458333333334 0.05546875 0.0734375
1 0.608984375 0.13697916666666668 0.0515625 0.08020833333333334