0 0.64453125 0.7661458333333333 0.032421875 0.021875
1 0.926171875 0.9135416666666667 0.01953125 0.0234375
1 0.73203125 0.28125 0.024609375 0.034895833333333334
0 0.24453125 0.27395833333333336 0.02421875 0.03229166666666667
1 0.8984375 0.509375 0.0265625 0.043229166666666666
0 0.59296875 0.6911458333333333 0.06484375 0.0859375
1 0.59296875 0.49895833333333334 0.030859375 0.0375
0 0.062890625 0.6020833333333333 0.02109375 0.028645833333333332
1 0.43828125 0.011979166666666667 0.025 0.0234375
0 0.2953125 0.8578125 0.023046875 0.030729166666666665
1 0.7140625 0.16666666666666666 0.049609375 0.08072916666666667
0 0.160546875 0.7635416666666667 0.04921875 0.06458333333333334