0 0.424609375 0.3515625 0.05859375 0.07447916666666667
0 0.844921875 0.15572916666666667 0.01953125 0.025
1 0.163671875 0.052083333333333336 0.0171875 0.0296875
0 0.29140625 0.22916666666666666 0.026171875 0.034375
1 0.7046875 0.7614583333333333 0.02734375 0.03125
0 0.00859375 0.81875 0.0171875 0.03958333333333333
0 0.2421875 0.6088541666666667 0.020703125 0.028125
1 0.108984375 0.17291666666666666 0.016796875 0.024479166666666666
1 0.458984375 0.5203125 0.030859375 0.022395833333333334
0 0.50703125 0.45364583333333336 0.0171875 0.026041666666666668
0 0.944921875 0.36041666666666666 0.026171875 0.03125
1 0.9875 0.7192708333333333 0.025 0.03854166666666667
0 0.82421875 0.9635416666666666 0.01953125 0.025520833333333333