0 0.530859375 0.18333333333333332 0.058984375 0.07604166666666666
1 0.153125 0.9302083333333333 0.0609375 0.08177083333333333
1 0.091796875 0.39427083333333335 0.065234375 0.08125
1 0.126953125 0.042708333333333334 0.03203125 0.033854166666666664
0 0.1265625 0.6942708333333333 0.024609375 0.0296875
1 0.931640625 0.26875 0.061328125 0.08072916666666667
0 0.284765625 0.49322916666666666 0.01953125 0.027083333333333334
0 0.878515625 0.90625 0.024609375 0.03333333333333333
1 0.640625 0.6010416666666667 0.061328125 0.07916666666666666
1 0.05078125 0.6734375 0.02578125 0.033854166666666664
1 0.362890625 0.8916666666666667 0.029296875 0.0328125
0 0.82734375 0.021875 0.02578125 0.028125
1 0.530859375 0.18333333333333332 0.058984375 0.07604166666666666
0 0.680078125 0.41875 0.01953125 0.027083333333333334
0 0.82734375 0.021875 0.02578125 0.028125