1 0.203125 0.7208333333333333 0.0234375 0.025
1 0.423828125 0.7015625 0.026171875 0.03697916666666667
1 0.73203125 0.36822916666666666 0.018359375 0.0328125
1 0.5046875 0.6197916666666666 0.028125 0.033854166666666664
0 0.78046875 0.5786458333333333 0.050390625 0.0328125
0 0.28828125 0.9625 0.059375 0.075
1 0.421484375 0.9364583333333333 0.022265625 0.0265625
1 0.2046875 0.34791666666666665 0.025 0.035416666666666666
1 0.1703125 0.6046875 0.023828125 0.034375
1 0.909765625 0.45677083333333335 0.02734375 0.03125
1 0.811328125 0.13854166666666667 0.0234375 0.0265625
1 0.653125 0.07447916666666667 0.05703125 0.0703125
0 0.24296875 0.21197916666666666 0.057421875 0.06927083333333334
0 0.567578125 0.17395833333333333 0.023828125 0.024479166666666666