1 0.102734375 0.24427083333333333 0.016015625 0.021354166666666667
1 0.50703125 0.7942708333333334 0.025 0.03333333333333333
0 0.35234375 0.7661458333333333 0.027734375 0.03125
0 0.945703125 0.10520833333333333 0.022265625 0.028125
0 0.934765625 0.6041666666666666 0.0203125 0.026041666666666668
0 0.8203125 0.6604166666666667 0.01953125 0.025
0 0.756640625 0.7432291666666667 0.048046875 0.052083333333333336
1 0.69765625 0.0140625 0.02734375 0.028125
1 0.520703125 0.13645833333333332 0.0234375 0.0359375
1 0.446484375 0.5729166666666666 0.015625 0.020833333333333332
0 0.253125 0.5583333333333333 0.016015625 0.021875