0 0.75703125 0.7333333333333333 0.01640625 0.019791666666666666
1 0.8078125 0.6786458333333333 0.037890625 0.0515625
1 0.930078125 0.39947916666666666 0.019140625 0.025520833333333333
1 0.808984375 0.3 0.0171875 0.025520833333333333
1 0.5203125 0.12239583333333333 0.046875 0.06822916666666666
1 0.20859375 0.7869791666666667 0.017578125 0.0234375
1 0.099609375 0.9552083333333333 0.0203125 0.025
1 0.56796875 0.5026041666666666 0.04140625 0.05364583333333333
1 0.407421875 0.6041666666666666 0.0390625 0.052083333333333336
1 0.1515625 0.6807291666666667 0.016796875 0.024479166666666666
1 0.1140625 0.1671875 0.01875 0.023958333333333335
1 0.1640625 0.5520833333333334 0.01796875 0.022916666666666665
1 0.75390625 0.0203125 0.037890625 0.040625
0 0.7046875 0.6921875 0.0171875 0.022395833333333334
0 0.728515625 0.9651041666666667 0.017578125 0.017708333333333333
0 0.59609375 0.90625 0.019921875 0.021875
0 0.10078125 0.8265625 0.019921875 0.022916666666666665
1 0.2484375 0.6265625 0.018359375 0.022395833333333334
0 0.3359375 0.14270833333333333 0.019921875 0.022395833333333334
0 0.459375 0.29270833333333335 0.019921875 0.0234375
0 0.7 0.2640625 0.018359375 0.020833333333333332
1 0.71640625 0.0515625 0.01875 0.01875
0 0.792578125 0.5546875 0.0171875 0.022395833333333334
0 0.505859375 0.6828125 0.018359375 0.022916666666666665
1 0.603515625 0.024479166666666666 0.019140625 0.021354166666666667