1 0.307421875 0.6213541666666667 0.023828125 0.033854166666666664
1 0.203515625 0.2598958333333333 0.02890625 0.034375
0 0.0578125 0.029166666666666667 0.072265625 0.058333333333333334
1 0.809765625 0.8286458333333333 0.023046875 0.034895833333333334
1 0.16796875 0.6364583333333333 0.062109375 0.07291666666666667
0 0.68515625 0.7833333333333333 0.046484375 0.0671875
0 0.34296875 0.271875 0.024609375 0.03125
1 0.304296875 0.8854166666666666 0.058203125 0.06979166666666667
1 0.42734375 0.41770833333333335 0.0578125 0.07604166666666666
0 0.38359375 0.8109375 0.021875 0.027604166666666666
1 0.5390625 0.5984375 0.028125 0.03229166666666667
0 0.96015625 0.14270833333333333 0.021484375 0.0328125
0 0.9265625 0.40729166666666666 0.026171875 0.03125
1 0.270703125 0.041666666666666664 0.027734375 0.027083333333333334
1 0.05390625 0.8822916666666667 0.02734375 0.028125
1 0.691796875 0.45 0.02578125 0.03802083333333333
1 0.571484375 0.2635416666666667 0.022265625 0.0359375