1 0.2671875 0.271875 0.017578125 0.025
0 0.167578125 0.271875 0.0203125 0.019791666666666666
0 0.102734375 0.346875 0.019140625 0.0234375
1 0.077734375 0.44583333333333336 0.021484375 0.046875
1 0.081640625 0.5463541666666667 0.01640625 0.023958333333333335
0 0.05703125 0.7901041666666667 0.03984375 0.06302083333333333
0 0.211328125 0.5083333333333333 0.01953125 0.01875
1 0.23515625 0.34739583333333335 0.01328125 0.019791666666666666
0 0.18828125 0.058333333333333334 0.033984375 0.05520833333333333
0 0.0484375 0.14583333333333334 0.0140625 0.017708333333333333
1 0.633203125 0.4859375 0.01640625 0.022395833333333334
0 0.799609375 0.21614583333333334 0.018359375 0.01875
0 0.7875 0.3171875 0.014453125 0.0203125
1 0.075390625 0.013541666666666667 0.02890625 0.027083333333333334
1 0.110546875 0.022916666666666665 0.01640625 0.019270833333333334
0 0.16171875 0.60625 0.01953125 0.021354166666666667
0 0.17734375 0.703125 0.016015625 0.026041666666666668
0 0.3203125 0.7854166666666667 0.037109375 0.04583333333333333
0 0.336328125 0.5546875 0.0203125 0.0234375
0 0.400390625 0.6421875 0.0203125 0.022395833333333334
1 0.07421875 0.6723958333333333 0.01875 0.023958333333333335
1 0.2859375 0.28958333333333336 0.018359375 0.027083333333333334
1 0.441015625 0.6505208333333333 0.015625 0.020833333333333332
1 0.868359375 0.15677083333333333 0.01875 0.026041666666666668
1 0.5625 0.06145833333333333 0.0171875 0.025520833333333333
1 0.4640625 0.17552083333333332 0.0265625 0.0484375
1 0.47421875 0.11354166666666667 0.01640625 0.020833333333333332
1 0.496484375 0.12083333333333333 0.034765625 0.051041666666666666
0 0.112109375 0.384375 0.0375 0.05416666666666667
1 0.682421875 0.6328125 0.04140625 0.0578125
1 0.145703125 0.7354166666666667 0.040625 0.05677083333333333
1 0.483984375 0.8182291666666667 0.011328125 0.022395833333333334
1 0.4078125 0.9395833333333333 0.041796875 0.05
1 0.8703125 0.6151041666666667 0.040625 0.05416666666666667
1 0.5015625 0.83125 0.02890625 0.0484375
1 0.333203125 0.32916666666666666 0.01796875 0.019791666666666666
0 0.213671875 0.5598958333333334 0.034765625 0.05520833333333333
1 0.094921875 0.9234375 0.01640625 0.023958333333333335
1 0.68203125 0.008854166666666666 0.016015625 0.017708333333333333
0 0.640625 0.16458333333333333 0.014453125 0.017708333333333333
0 0.623828125 0.3484375 0.036328125 0.04479166666666667
0 0.710546875 0.3359375 0.016015625 0.019791666666666666
0 0.920703125 0.33177083333333335 0.01875 0.021354166666666667
0 0.9375 0.48333333333333334 0.017578125 0.020833333333333332
0 0.653515625 0.7807291666666667 0.01953125 0.024479166666666666
0 0.754296875 0.865625 0.021875 0.021875
0 0.826171875 0.9619791666666667 0.0171875 0.021875
1 0.84765625 0.7088541666666667 0.017578125 0.023958333333333335
0 0.76640625 0.6807291666666667 0.01640625 0.021875
0 0.75390625 0.6177083333333333 0.015625 0.020833333333333332
0 0.72734375 0.49375 0.01875 0.0203125
0 0.823828125 0.55 0.016796875 0.019791666666666666
1 0.51015625 0.303125 0.0171875 0.019270833333333334
1 0.52421875 0.3880208333333333 0.01796875 0.025
1 0.171484375 0.11354166666666667 0.016015625 0.021354166666666667
0 0.26484375 0.47239583333333335 0.015625 0.019791666666666666
1 0.235546875 0.16145833333333334 0.0171875 0.020833333333333332
1 0.6234375 0.3182291666666667 0.030078125 0.0359375
1 0.35 0.3890625 0.017578125 0.025
1 0.39296875 0.6760416666666667 0.019140625 0.022916666666666665
1 0.808203125 0.3572916666666667 0.042578125 0.058333333333333334
1 0.1078125 0.9609375 0.014453125 0.020833333333333332
1 0.373046875 0.49947916666666664 0.016015625 0.0234375
1 0.81328125 0.07916666666666666 0.035546875 0.042708333333333334
0 0.6640625 0.1640625 0.034765625 0.04791666666666667