1 0.48359375 0.28958333333333336 0.021484375 0.027604166666666666
1 0.978125 0.453125 0.02734375 0.0359375
1 0.27109375 0.3802083333333333 0.018359375 0.025
0 0.85625 0.1296875 0.0203125 0.0390625
0 0.05625 0.31666666666666665 0.0125 0.01875
1 0.338671875 0.1890625 0.026171875 0.03125
1 0.133984375 0.4348958333333333 0.030078125 0.03697916666666667
0 0.42265625 0.8682291666666667 0.02421875 0.036458333333333336
0 0.621484375 0.5828125 0.03125 0.033854166666666664
0 0.623046875 0.22291666666666668 0.07890625 0.09479166666666666
0 0.186328125 0.6984375 0.02890625 0.034375
0 0.15390625 0.8427083333333333 0.03203125 0.041666666666666664
0 0.81328125 0.6979166666666666 0.028125 0.03958333333333333
1 0.807421875 0.6244791666666667 0.029296875 0.03854166666666667
0 0.824609375 0.55 0.03359375 0.033854166666666664