1 0.241015625 0.11354166666666667 0.019140625 0.025
0 0.884375 0.746875 0.041796875 0.05260416666666667
0 0.080078125 0.821875 0.053515625 0.058333333333333334
0 0.784765625 0.10677083333333333 0.048828125 0.0546875
0 0.7578125 0.5057291666666667 0.050390625 0.06145833333333333
0 0.184375 0.8354166666666667 0.022265625 0.030729166666666665
1 0.449609375 0.6703125 0.014453125 0.01875
0 0.760546875 0.7833333333333333 0.02265625 0.025520833333333333
0 0.23671875 0.23229166666666667 0.02109375 0.0234375
0 0.39609375 0.8171875 0.02109375 0.028645833333333332
1 0.64765625 0.8619791666666666 0.01484375 0.019791666666666666
0 0.7828125 0.9166666666666666 0.01796875 0.022916666666666665
0 0.41953125 0.16458333333333333 0.019921875 0.027604166666666666
0 0.558984375 0.9802083333333333 0.02421875 0.026041666666666668
0 0.1203125 0.20416666666666666 0.01953125 0.021875
1 0.62265625 0.4713541666666667 0.023828125 0.0296875
1 0.33125 0.0203125 0.04609375 0.040625
0 0.615625 0.8265625 0.01640625 0.022395833333333334
1 0.00625 0.6286458333333333 0.0125 0.019791666666666666
0 0.58046875 0.6723958333333333 0.019140625 0.0234375
0 0.247265625 0.559375 0.019921875 0.029166666666666667
0 0.054296875 0.04583333333333333 0.021875 0.024479166666666666
1 0.847265625 0.66875 0.019140625 0.022395833333333334
1 0.090625 0.6328125 0.021875 0.027604166666666666
1 0.559765625 0.0515625 0.0125 0.015625
0 0.3953125 0.2765625 0.021484375 0.022395833333333334
0 0.557421875 0.23802083333333332 0.021484375 0.024479166666666666
0 0.791015625 0.42552083333333335 0.0203125 0.027604166666666666
0 0.97578125 0.36770833333333336 0.0203125 0.022395833333333334
0 0.8265625 0.24166666666666667 0.019140625 0.021354166666666667
0 0.71796875 0.07291666666666667 0.0203125 0.023958333333333335
1 0.4515625 0.9932291666666667 0.01953125 0.013541666666666667
1 0.307421875 0.9489583333333333 0.023046875 0.028125
0 0.2765625 0.4192708333333333 0.05 0.05677083333333333
1 0.30703125 0.09635416666666667 0.015234375 0.01875