0 0.9390625 0.009375 0.016015625 0.01875
0 0.84453125 0.284375 0.025390625 0.027083333333333334
0 0.68515625 0.9640625 0.018359375 0.018229166666666668
1 0.99375 0.2609375 0.0125 0.021875
0 0.5015625 0.5182291666666666 0.02265625 0.026041666666666668
1 0.744140625 0.07604166666666666 0.020703125 0.024479166666666666
0 0.042578125 0.7776041666666667 0.05234375 0.057291666666666664
0 0.95859375 0.8135416666666667 0.0203125 0.024479166666666666
0 0.545703125 0.3567708333333333 0.019921875 0.0296875
0 0.168359375 0.28541666666666665 0.023828125 0.025
1 0.810546875 0.771875 0.019140625 0.028125
0 0.237109375 0.46197916666666666 0.043359375 0.0546875
0 0.35859375 0.15833333333333333 0.021875 0.028645833333333332
0 0.840234375 0.03802083333333333 0.024609375 0.029166666666666667
0 0.01015625 0.5536458333333333 0.0203125 0.029166666666666667
0 0.984765625 0.09791666666666667 0.01796875 0.022395833333333334
0 0.171875 0.8979166666666667 0.0203125 0.023958333333333335
0 0.430078125 0.7546875 0.04921875 0.0625
0 0.5234375 0.265625 0.0171875 0.021875
0 0.651953125 0.7822916666666667 0.015625 0.020833333333333332
1 0.3953125 0.4348958333333333 0.013671875 0.01875
0 0.326953125 0.4375 0.023828125 0.026041666666666668
0 0.362890625 0.8234375 0.015234375 0.022395833333333334
1 0.183203125 0.08385416666666666 0.022265625 0.023958333333333335
0 0.028515625 0.38958333333333334 0.02421875 0.029166666666666667
0 0.774609375 0.13958333333333334 0.021875 0.0234375
0 0.578125 0.4296875 0.01484375 0.019791666666666666
0 0.8078125 0.9635416666666666 0.020703125 0.021875
1 0.655859375 0.5255208333333333 0.01328125 0.016145833333333335
0 0.827734375 0.6140625 0.01953125 0.022395833333333334
0 0.92265625 0.18385416666666668 0.017578125 0.025520833333333333
0 0.95703125 0.675 0.03984375 0.052083333333333336
1 0.925390625 0.25885416666666666 0.01484375 0.022395833333333334
1 0.756640625 0.5005208333333333 0.02265625 0.027604166666666666
1 0.3328125 0.9135416666666667 0.020703125 0.0265625
1 0.975390625 0.9354166666666667 0.024609375 0.03177083333333333
1 0.66953125 0.3697916666666667 0.021875 0.027083333333333334
0 0.8953125 0.7302083333333333 0.02109375 0.026041666666666668
0 0.818359375 0.5296875 0.017578125 0.022916666666666665
0 0.7953125 0.834375 0.0453125 0.05572916666666667
0 0.716796875 0.5822916666666667 0.0421875 0.05520833333333333
0 0.5640625 0.3046875 0.0546875 0.04739583333333333
0 0.3546875 0.5385416666666667 0.023046875 0.0296875
0 0.575390625 0.559375 0.021484375 0.028125
0 0.90625 0.1109375 0.03125 0.053125
0 0.208984375 0.6578125 0.02578125 0.0265625
0 0.7734375 0.771875 0.02109375 0.025
1 0.63984375 0.24739583333333334 0.017578125 0.025520833333333333