1 0.146484375 0.659375 0.01328125 0.0171875
0 0.649609375 0.8234375 0.0546875 0.06145833333333333
1 0.11171875 0.4041666666666667 0.015234375 0.017708333333333333
1 0.46015625 0.39166666666666666 0.019140625 0.027604166666666666
1 0.784765625 0.8395833333333333 0.020703125 0.0265625
1 0.6890625 0.11458333333333333 0.048046875 0.06041666666666667
1 0.8015625 0.2557291666666667 0.01953125 0.025
0 0.33828125 0.56875 0.01796875 0.023958333333333335
1 0.24609375 0.9677083333333333 0.04140625 0.049479166666666664
1 0.04375 0.7927083333333333 0.0234375 0.0265625
0 0.648046875 0.346875 0.019921875 0.0265625
0 0.10625 0.5802083333333333 0.016015625 0.022916666666666665
0 0.2234375 0.6640625 0.01953125 0.0234375
0 0.541015625 0.8291666666666667 0.048046875 0.06041666666666667
0 0.886328125 0.7020833333333333 0.041015625 0.06510416666666667
0 0.5015625 0.5484375 0.043359375 0.06354166666666666
0 0.086328125 0.24895833333333334 0.04296875 0.05625
0 0.42734375 0.08645833333333333 0.04140625 0.06145833333333333
0 0.77421875 0.6177083333333333 0.019140625 0.027604166666666666
0 0.60390625 0.17760416666666667 0.021484375 0.028125
1 0.24765625 0.9026041666666667 0.021484375 0.03125
1 0.20390625 0.8083333333333333 0.020703125 0.026041666666666668
0 0.633203125 0.7427083333333333 0.01484375 0.022395833333333334
0 0.4 0.27447916666666666 0.01875 0.0234375
0 0.25 0.2296875 0.01796875 0.026041666666666668
0 0.58984375 0.5723958333333333 0.022265625 0.025520833333333333
1 0.86484375 0.1421875 0.046484375 0.058333333333333334
1 0.609765625 0.0703125 0.021875 0.029166666666666667
1 0.948828125 0.10052083333333334 0.022265625 0.028645833333333332
0 0.856640625 0.4765625 0.023046875 0.03229166666666667
0 0.0984375 0.10052083333333334 0.01796875 0.024479166666666666
1 0.96640625 0.8744791666666667 0.021875 0.0265625
1 0.44765625 0.13854166666666667 0.0203125 0.022395833333333334
1 0.38828125 0.1171875 0.01953125 0.022916666666666665
0 0.0203125 0.4265625 0.019921875 0.027604166666666666
0 0.114453125 0.6890625 0.0171875 0.018229166666666668
0 0.762109375 0.08854166666666667 0.01953125 0.024479166666666666
0 0.325390625 0.6520833333333333 0.018359375 0.022916666666666665
1 0.93515625 0.8208333333333333 0.01484375 0.019791666666666666
1 0.43046875 0.5447916666666667 0.016015625 0.03125
0 0.323046875 0.340625 0.014453125 0.017708333333333333
1 0.31875 0.4083333333333333 0.015625 0.018229166666666668
1 0.23359375 0.4083333333333333 0.01171875 0.016145833333333335
1 0.202734375 0.32395833333333335 0.0140625 0.020833333333333332
1 0.158203125 0.45208333333333334 0.01484375 0.019791666666666666
1 0.192578125 0.5697916666666667 0.014453125 0.0203125
1 0.1375 0.5473958333333333 0.01640625 0.018229166666666668
1 0.13671875 0.0328125 0.017578125 0.021875
1 0.120703125 0.04895833333333333 0.0171875 0.019791666666666666
0 0.34140625 0.8916666666666667 0.016796875 0.020833333333333332
0 0.612890625 0.008333333333333333 0.0234375 0.016666666666666666
0 0.212109375 0.221875 0.0171875 0.021354166666666667
1 0.076171875 0.47291666666666665 0.015234375 0.019270833333333334
1 0.033984375 0.5078125 0.014453125 0.0203125
1 0.1 0.6380208333333334 0.016796875 0.020833333333333332
1 0.3703125 0.6625 0.01484375 0.021354166666666667
1 0.446484375 0.8427083333333333 0.015234375 0.0171875
1 0.500390625 0.7973958333333333 0.015625 0.019270833333333334
1 0.424609375 0.8979166666666667 0.015625 0.017708333333333333
1 0.712890625 0.2328125 0.013671875 0.01875
1 0.3046875 0.2677083333333333 0.0140625 0.016145833333333335
1 0.2875 0.3067708333333333 0.0140625 0.016666666666666666
1 0.3265625 0.2890625 0.01640625 0.0171875
1 0.45234375 0.29270833333333335 0.018359375 0.0203125
1 0.400390625 0.15416666666666667 0.015625 0.01875
1 0.322265625 0.08177083333333333 0.01640625 0.018229166666666668
1 0.33359375 0.013541666666666667 0.014453125 0.0171875
1 0.38359375 0.010416666666666666 0.014453125 0.0171875
1 0.29375 0.12552083333333333 0.016796875 0.0203125
1 0.316796875 0.20885416666666667 0.015234375 0.019270833333333334
1 0.30703125 0.015104166666666667 0.0140625 0.017708333333333333
1 0.564453125 0.16354166666666667 0.0171875 0.018229166666666668
1 0.519921875 0.1515625 0.018359375 0.018229166666666668
1 0.281640625 0.16822916666666668 0.013671875 0.0171875