1 0.79140625 0.7307291666666667 0.02734375 0.03802083333333333
0 0.108984375 0.31302083333333336 0.019140625 0.025520833333333333
0 0.70078125 0.4703125 0.01953125 0.021875
1 0.16484375 0.890625 0.02421875 0.0296875
0 0.105859375 0.9807291666666667 0.016015625 0.020833333333333332
0 0.46328125 0.8161458333333333 0.022265625 0.03333333333333333
0 0.896875 0.31614583333333335 0.0453125 0.0578125
0 0.66484375 0.3151041666666667 0.019921875 0.025520833333333333
1 0.201171875 0.0109375 0.019140625 0.019270833333333334
1 0.113671875 0.7052083333333333 0.0265625 0.028125
0 0.495703125 0.740625 0.020703125 0.026041666666666668
1 0.309375 0.27447916666666666 0.06484375 0.07760416666666667
0 0.370703125 0.5932291666666667 0.055078125 0.0828125
0 0.52421875 0.04583333333333333 0.0265625 0.03697916666666667
1 0.448046875 0.228125 0.023046875 0.028125
1 0.0296875 0.12135416666666667 0.026171875 0.036458333333333336
0 0.761328125 0.06145833333333333 0.01796875 0.019270833333333334
1 0.947265625 0.125 0.017578125 0.021354166666666667
0 0.49296875 0.34010416666666665 0.02109375 0.028645833333333332