1 0.993359375 0.12447916666666667 0.01328125 0.030208333333333334
0 0.596875 0.23645833333333333 0.0171875 0.022395833333333334
0 0.783203125 0.5078125 0.021875 0.0265625
1 0.05546875 0.7177083333333333 0.052734375 0.06666666666666667
0 0.41875 0.32708333333333334 0.018359375 0.024479166666666666
0 0.646875 0.5994791666666667 0.015625 0.025
0 0.03203125 0.8708333333333333 0.01953125 0.023958333333333335
0 0.066015625 0.4822916666666667 0.019140625 0.024479166666666666
1 0.115625 0.22447916666666667 0.018359375 0.025
1 0.21796875 0.9786458333333333 0.01953125 0.026041666666666668
0 0.359765625 0.2109375 0.018359375 0.022395833333333334
0 0.656640625 0.053125 0.015234375 0.019791666666666666
1 0.937109375 0.5963541666666666 0.010546875 0.015104166666666667
0 0.50859375 0.8713541666666667 0.017578125 0.01875
0 0.60234375 0.25729166666666664 0.019921875 0.025
1 0.8484375 0.12708333333333333 0.023828125 0.03125
0 0.702734375 0.1703125 0.048828125 0.06875
0 0.696875 0.36614583333333334 0.016015625 0.025
1 0.97734375 0.31354166666666666 0.0234375 0.028125
1 0.525390625 0.7901041666666667 0.0203125 0.022916666666666665
1 0.817578125 0.7041666666666667 0.019140625 0.023958333333333335
1 0.3171875 0.8963541666666667 0.019921875 0.025520833333333333
0 0.20625 0.019270833333333334 0.05703125 0.03802083333333333
1 0.487890625 0.10104166666666667 0.05 0.06614583333333333
0 0.7640625 0.8953125 0.0515625 0.0671875
0 0.64453125 0.9421875 0.0203125 0.025520833333333333
1 0.196484375 0.6645833333333333 0.02109375 0.025
0 0.955078125 0.7713541666666667 0.01015625 0.013020833333333334