1 0.99453125 0.5625 0.0109375 0.015625
1 0.55078125 0.24895833333333334 0.021484375 0.025520833333333333
0 0.723828125 0.24791666666666667 0.0203125 0.017708333333333333
0 0.728125 0.030208333333333334 0.018359375 0.022916666666666665
0 0.5625 0.115625 0.01875 0.022395833333333334
1 0.483203125 0.06510416666666667 0.0171875 0.025
1 0.405078125 0.284375 0.022265625 0.03125
1 0.930859375 0.2953125 0.0203125 0.022916666666666665
0 0.258984375 0.39166666666666666 0.019140625 0.022395833333333334
1 0.134765625 0.44947916666666665 0.022265625 0.028125
0 0.66484375 0.9276041666666667 0.021875 0.0234375
0 0.66015625 0.8666666666666667 0.02421875 0.030729166666666665
0 0.7296875 0.6541666666666667 0.0171875 0.023958333333333335
0 0.52109375 0.6666666666666666 0.01953125 0.029166666666666667
0 0.89453125 0.7661458333333333 0.0234375 0.028125
0 0.378515625 0.18072916666666666 0.02109375 0.027083333333333334
1 0.009375 0.15729166666666666 0.01875 0.029166666666666667
1 0.144140625 0.1328125 0.02109375 0.028125
0 0.730078125 0.5526041666666667 0.04921875 0.059375
0 0.435546875 0.8317708333333333 0.048828125 0.06197916666666667
0 0.07265625 0.050520833333333334 0.053125 0.06614583333333333
1 0.0109375 0.41822916666666665 0.021875 0.03229166666666667
0 0.2046875 0.9026041666666667 0.0203125 0.022395833333333334
0 0.04921875 0.7020833333333333 0.02109375 0.025
0 0.260546875 0.6328125 0.02109375 0.0265625
0 0.402734375 0.471875 0.01796875 0.022395833333333334
0 0.701171875 0.3489583333333333 0.01796875 0.021354166666666667
1 0.832421875 0.309375 0.013671875 0.019270833333333334
1 0.413671875 0.58125 0.0140625 0.0140625
1 0.415234375 0.5432291666666667 0.016015625 0.0234375
1 0.35234375 0.9114583333333334 0.0203125 0.022395833333333334
1 0.791796875 0.5640625 0.01484375 0.015625