1 0.269921875 0.515625 0.019140625 0.021354166666666667
0 0.76015625 0.29375 0.016015625 0.022395833333333334
0 0.969140625 0.43697916666666664 0.018359375 0.024479166666666666
0 0.861328125 0.7265625 0.017578125 0.028125
0 0.769921875 0.10885416666666667 0.04921875 0.0546875
0 0.305859375 0.8963541666666667 0.012890625 0.013541666666666667
1 0.31953125 0.19947916666666668 0.023046875 0.027604166666666666
1 0.26015625 0.525 0.012109375 0.01875
0 0.259375 0.5609375 0.016796875 0.01875
0 0.294921875 0.9583333333333334 0.023828125 0.03125
1 0.43828125 0.71875 0.00859375 0.010416666666666666
0 0.6265625 0.7671875 0.021875 0.0234375
0 0.590625 0.5036458333333333 0.02109375 0.023958333333333335
1 0.859375 0.175 0.01015625 0.01875
1 0.035546875 0.6541666666666667 0.023046875 0.0265625
1 0.79296875 0.8963541666666667 0.04765625 0.058333333333333334