0 0.85546875 0.9708333333333333 0.023046875 0.030208333333333334
0 0.100390625 0.09270833333333334 0.04921875 0.06145833333333333
1 0.12421875 0.18697916666666667 0.0171875 0.013020833333333334
0 0.6546875 0.9197916666666667 0.02109375 0.027604166666666666
1 0.044921875 0.6776041666666667 0.025 0.030729166666666665
0 0.234375 0.8276041666666667 0.01796875 0.0234375
0 0.014453125 0.825 0.02421875 0.025520833333333333
1 0.19765625 0.17395833333333333 0.021484375 0.028125
0 0.1515625 0.3828125 0.02109375 0.030729166666666665
0 0.306640625 0.4270833333333333 0.022265625 0.027083333333333334
1 0.471484375 0.1875 0.048046875 0.057291666666666664
1 0.087890625 0.5515625 0.020703125 0.027604166666666666
1 0.8265625 0.4265625 0.0203125 0.029166666666666667
1 0.99140625 0.3609375 0.0171875 0.028125
1 0.180859375 0.7473958333333334 0.02109375 0.023958333333333335
1 0.340625 0.8760416666666667 0.025390625 0.0296875
1 0.325 0.1703125 0.022265625 0.029166666666666667
0 0.2078125 0.6197916666666666 0.02265625 0.029166666666666667
0 0.333984375 0.6098958333333333 0.021484375 0.028125
0 0.42265625 0.6 0.046875 0.05416666666666667
1 0.719140625 0.40260416666666665 0.045703125 0.058854166666666666
1 0.4734375 0.5421875 0.02109375 0.028645833333333332
0 0.559765625 0.4119791666666667 0.021875 0.028645833333333332
1 0.4875 0.36302083333333335 0.02265625 0.029166666666666667
1 0.741015625 0.6411458333333333 0.0234375 0.027604166666666666
1 0.7765625 0.12395833333333334 0.023046875 0.03125
1 0.65859375 0.17083333333333334 0.021484375 0.027083333333333334
1 0.92421875 0.21770833333333334 0.022265625 0.03333333333333333
0 0.76484375 0.265625 0.022265625 0.025520833333333333
1 0.26015625 0.7942708333333334 0.020703125 0.03229166666666667
0 0.6125 0.7140625 0.016796875 0.026041666666666668
1 0.538671875 0.06458333333333334 0.012890625 0.017708333333333333
1 0.966015625 0.5005208333333333 0.01953125 0.028645833333333332
1 0.490625 0.9260416666666667 0.020703125 0.027083333333333334
1 0.88125 0.725 0.02421875 0.034895833333333334