1 0.82265625 0.10625 0.019921875 0.0234375
0 0.924609375 0.6 0.020703125 0.025520833333333333
0 0.73125 0.6489583333333333 0.024609375 0.027604166666666666
1 0.03359375 0.653125 0.02578125 0.030729166666666665
1 0.055859375 0.2609375 0.023828125 0.03333333333333333
0 0.923828125 0.49375 0.047265625 0.058333333333333334
1 0.375390625 0.9307291666666667 0.01640625 0.021354166666666667
1 0.53984375 0.1765625 0.04140625 0.0515625
1 0.3953125 0.0546875 0.02578125 0.03333333333333333
1 0.2140625 0.7390625 0.022265625 0.028645833333333332
1 0.4046875 0.42552083333333335 0.047265625 0.06041666666666667
1 0.551171875 0.04010416666666667 0.021875 0.029166666666666667
1 0.60703125 0.9171875 0.021875 0.029166666666666667
1 0.67890625 0.8447916666666667 0.023828125 0.025
0 0.163671875 0.1703125 0.04453125 0.05625
1 0.221875 0.0578125 0.020703125 0.0296875
1 0.722265625 0.2859375 0.0234375 0.028125
0 0.52734375 0.6041666666666666 0.0234375 0.025520833333333333
0 0.1546875 0.5244791666666667 0.021484375 0.025
1 0.55078125 0.32135416666666666 0.02265625 0.03125
1 0.669140625 0.0296875 0.046484375 0.059375