0 0.56875 0.5333333333333333 0.019140625 0.025
0 0.52578125 0.4166666666666667 0.01640625 0.0234375
1 0.336328125 0.44479166666666664 0.02265625 0.030208333333333334
1 0.01953125 0.25 0.023828125 0.028125
1 0.12734375 0.140625 0.02109375 0.029166666666666667
0 0.27734375 0.15364583333333334 0.019921875 0.025
0 0.2390625 0.33125 0.01953125 0.023958333333333335
1 0.8234375 0.4401041666666667 0.0234375 0.025520833333333333
1 0.415625 0.32864583333333336 0.021875 0.028125
1 0.71796875 0.17291666666666666 0.021875 0.0296875
1 0.81015625 0.29791666666666666 0.02109375 0.023958333333333335
1 0.48828125 0.8614583333333333 0.022265625 0.0265625
1 0.405859375 0.8770833333333333 0.04375 0.058854166666666666
0 0.415625 0.7796875 0.020703125 0.027604166666666666
0 0.39140625 0.596875 0.02265625 0.029166666666666667
1 0.028125 0.5661458333333333 0.025390625 0.028125
1 0.119921875 0.5875 0.019921875 0.025520833333333333
1 0.0171875 0.4296875 0.033984375 0.06458333333333334
0 0.093359375 0.3385416666666667 0.0203125 0.026041666666666668
1 0.86015625 0.2864583333333333 0.047265625 0.058854166666666666
1 0.878125 0.13020833333333334 0.024609375 0.0296875
1 0.262109375 0.8791666666666667 0.020703125 0.030208333333333334
1 0.0078125 0.03854166666666667 0.015234375 0.028125
1 0.096484375 0.5145833333333333 0.01953125 0.025520833333333333
1 0.24453125 0.6390625 0.011328125 0.0140625
1 0.313671875 0.40572916666666664 0.016015625 0.01875
1 0.28125 0.640625 0.02109375 0.026041666666666668
1 0.4734375 0.14427083333333332 0.023046875 0.03177083333333333
1 0.59140625 0.21458333333333332 0.052734375 0.059375
1 0.058203125 0.6291666666666667 0.020703125 0.026041666666666668
1 0.640234375 0.8385416666666666 0.019921875 0.027083333333333334
1 0.770703125 0.9354166666666667 0.023828125 0.030208333333333334
1 0.90703125 0.9463541666666667 0.021484375 0.025520833333333333
0 0.91328125 0.7114583333333333 0.02109375 0.026041666666666668
1 0.987890625 0.5848958333333333 0.01875 0.033854166666666664
1 0.86015625 0.6119791666666666 0.022265625 0.028645833333333332
1 0.798828125 0.6671875 0.049609375 0.06041666666666667
0 0.705859375 0.6447916666666667 0.02421875 0.027083333333333334
1 0.52890625 0.6375 0.04765625 0.05677083333333333
1 0.076953125 0.74375 0.026953125 0.028645833333333332
1 0.19765625 0.5546875 0.021484375 0.028125
1 0.226171875 0.26145833333333335 0.047265625 0.05572916666666667
1 0.06328125 0.9619791666666667 0.02109375 0.029166666666666667
1 0.17890625 0.8755208333333333 0.051171875 0.0578125
0 0.6203125 0.39010416666666664 0.01953125 0.027604166666666666