0 0.11484375 0.5208333333333334 0.0109375 0.020833333333333332
1 0.15234375 0.7369791666666666 0.024609375 0.0296875
0 0.6375 0.16197916666666667 0.018359375 0.024479166666666666
0 0.4625 0.634375 0.0234375 0.027604166666666666
0 0.35859375 0.2015625 0.022265625 0.028645833333333332
0 0.96640625 0.6083333333333333 0.021484375 0.027083333333333334
0 0.937890625 0.09791666666666667 0.024609375 0.027604166666666666
0 0.744921875 0.11302083333333333 0.05 0.06458333333333334
0 0.0640625 0.08958333333333333 0.059375 0.07291666666666667
0 0.471484375 0.540625 0.052734375 0.06666666666666667
1 0.6421875 0.7520833333333333 0.022265625 0.025520833333333333
0 0.404296875 0.9385416666666667 0.023046875 0.029166666666666667
0 0.062109375 0.25052083333333336 0.01953125 0.0265625
0 0.53203125 0.3640625 0.01953125 0.024479166666666666
0 0.266796875 0.01875 0.02421875 0.03177083333333333
1 0.725 0.9598958333333333 0.049609375 0.0578125
0 0.870703125 0.8666666666666667 0.023046875 0.03177083333333333
1 0.91796875 0.5255208333333333 0.052734375 0.0609375
1 0.819921875 0.3854166666666667 0.026953125 0.030729166666666665
1 0.023828125 0.5880208333333333 0.02578125 0.030729166666666665