1 0.621484375 0.4140625 0.021875 0.027604166666666666
0 0.551953125 0.7333333333333333 0.01796875 0.0296875
0 0.481640625 0.05572916666666667 0.0203125 0.029166666666666667
0 0.1265625 0.8359375 0.02265625 0.030208333333333334
0 0.859375 0.11302083333333333 0.044921875 0.0578125
1 0.120703125 0.46927083333333336 0.02109375 0.024479166666666666
1 0.069140625 0.20208333333333334 0.0484375 0.07604166666666666
0 0.664453125 0.0328125 0.02421875 0.030729166666666665
0 0.811328125 0.8234375 0.02109375 0.027604166666666666
0 0.322265625 0.7885416666666667 0.02265625 0.026041666666666668
1 0.335546875 0.1375 0.055859375 0.06666666666666667
1 0.643359375 0.17135416666666667 0.055859375 0.07604166666666666
1 0.88828125 0.45677083333333335 0.019140625 0.023958333333333335
1 0.2234375 0.2890625 0.020703125 0.0234375
0 0.85625 0.6614583333333334 0.046875 0.06145833333333333
0 0.967578125 0.7458333333333333 0.021875 0.027604166666666666
1 0.236328125 0.43333333333333335 0.0109375 0.013541666666666667
1 0.71171875 0.8244791666666667 0.010546875 0.013020833333333334
1 0.61015625 0.9369791666666667 0.010546875 0.008333333333333333
1 0.51875 0.9036458333333334 0.01875 0.024479166666666666
1 0.017578125 0.5463541666666667 0.011328125 0.015625
1 0.497265625 0.09947916666666666 0.01015625 0.016145833333333335
1 0.312109375 0.8598958333333333 0.00859375 0.0125
1 0.9625 0.20260416666666667 0.01953125 0.025520833333333333
1 0.62578125 0.34479166666666666 0.012109375 0.017708333333333333
0 0.32421875 0.6833333333333333 0.04453125 0.0546875
0 0.45390625 0.47760416666666666 0.0234375 0.030729166666666665