1 0.98828125 0.7348958333333333 0.0203125 0.0296875
1 0.08671875 0.30833333333333335 0.01171875 0.015104166666666667
0 0.574609375 0.4625 0.01875 0.025520833333333333
1 0.494140625 0.5630208333333333 0.05 0.065625
0 0.26875 0.36770833333333336 0.023828125 0.0296875
0 0.28359375 0.024479166666666666 0.01953125 0.022916666666666665
1 0.16328125 0.21354166666666666 0.02421875 0.026041666666666668
1 0.1515625 0.036458333333333336 0.053515625 0.06979166666666667
1 0.412890625 0.153125 0.0203125 0.025520833333333333
1 0.79140625 0.24270833333333333 0.011328125 0.0140625
1 0.79609375 0.3619791666666667 0.010546875 0.0140625
1 0.915625 0.8 0.01015625 0.019791666666666666
1 0.21875 0.9515625 0.0109375 0.015104166666666667
1 0.25859375 0.665625 0.0109375 0.013020833333333334
1 0.251953125 0.6541666666666667 0.0109375 0.0125
1 0.8546875 0.6546875 0.008984375 0.013541666666666667
1 0.863671875 0.6567708333333333 0.010546875 0.013541666666666667
1 0.723828125 0.8348958333333333 0.01015625 0.0140625
1 0.49296875 0.20520833333333333 0.01015625 0.0125
1 0.491015625 0.21666666666666667 0.008984375 0.011979166666666667
1 0.703125 0.30833333333333335 0.048046875 0.06614583333333333
1 0.749609375 0.7203125 0.04921875 0.06614583333333333
1 0.005078125 0.5244791666666667 0.01015625 0.01875
0 0.724609375 0.5494791666666666 0.01875 0.023958333333333335
1 0.87734375 0.11354166666666667 0.024609375 0.03333333333333333
1 0.204296875 0.7223958333333333 0.05234375 0.0625
1 0.878515625 0.3776041666666667 0.022265625 0.03177083333333333
1 0.86484375 0.6776041666666667 0.020703125 0.027083333333333334
1 0.3984375 0.7036458333333333 0.020703125 0.025
1 0.514453125 0.7901041666666667 0.022265625 0.027083333333333334
1 0.619921875 0.9854166666666667 0.02265625 0.028645833333333332
0 0.835546875 0.965625 0.0171875 0.022916666666666665
1 0.0046875 0.6604166666666667 0.009375 0.026041666666666668
0 0.391796875 0.953125 0.056640625 0.0734375
0 0.1515625 0.4453125 0.0171875 0.0265625
1 0.65546875 0.31875 0.019921875 0.0265625