0 0.823828125 0.9635416666666666 0.021875 0.024479166666666666
1 0.705078125 0.7604166666666666 0.028125 0.030208333333333334
0 0.844921875 0.15572916666666667 0.01875 0.024479166666666666
0 0.94453125 0.3614583333333333 0.02578125 0.03177083333333333
1 0.116796875 0.06145833333333333 0.023046875 0.0140625
1 0.46015625 0.5203125 0.030859375 0.022916666666666665
1 0.365625 0.5645833333333333 0.0171875 0.013020833333333334
0 0.00859375 0.81875 0.016796875 0.03802083333333333
0 0.578515625 0.1421875 0.015625 0.019270833333333334
0 0.424609375 0.35 0.05078125 0.071875
0 0.506640625 0.4546875 0.017578125 0.026041666666666668
0 0.242578125 0.609375 0.01875 0.029166666666666667
1 0.164453125 0.05260416666666667 0.01796875 0.0265625
1 0.108984375 0.1734375 0.016796875 0.0234375
1 0.987109375 0.71875 0.02578125 0.034375
0 0.29140625 0.2296875 0.024609375 0.034895833333333334
1 0.78359375 0.64375 0.018359375 0.03125