1 0.902734375 0.5765625 0.022265625 0.027604166666666666
0 0.04140625 0.8286458333333333 0.0125 0.019270833333333334
1 0.0953125 0.9447916666666667 0.023046875 0.036458333333333336
1 0.100390625 0.3177083333333333 0.02421875 0.0328125
1 0.290625 0.809375 0.025 0.036458333333333336
0 0.107421875 0.07864583333333333 0.055078125 0.07395833333333333
1 0.305859375 0.31979166666666664 0.062109375 0.08125
1 0.993359375 0.2598958333333333 0.012890625 0.0296875
1 0.45703125 0.17395833333333333 0.01953125 0.03333333333333333
0 0.85703125 0.6151041666666667 0.0109375 0.0140625
1 0.23984375 0.05416666666666667 0.021875 0.034375
1 0.92890625 0.2947916666666667 0.028515625 0.03333333333333333
1 0.791015625 0.2296875 0.01875 0.025
0 0.1015625 0.8333333333333334 0.0125 0.017708333333333333
1 0.209375 0.6380208333333334 0.026171875 0.03125
0 0.60546875 0.7015625 0.0234375 0.035416666666666666
1 0.9140625 0.7854166666666667 0.020703125 0.0375
1 0.42109375 0.6744791666666666 0.02578125 0.03229166666666667
1 0.536328125 0.596875 0.02109375 0.036458333333333336
1 0.481640625 0.4515625 0.0484375 0.0765625