0 0.262890625 0.6760416666666667 0.0234375 0.026041666666666668
1 0.151171875 0.35 0.055078125 0.07447916666666667
1 0.95234375 0.6994791666666667 0.016796875 0.021875
1 0.76796875 0.14010416666666667 0.025390625 0.0359375
0 0.62421875 0.3375 0.021484375 0.027604166666666666
1 0.61953125 0.91875 0.016796875 0.020833333333333332
1 0.005078125 0.08385416666666666 0.009765625 0.017708333333333333
0 0.506640625 0.6197916666666666 0.051953125 0.0703125
0 0.45234375 0.4421875 0.01796875 0.027604166666666666
0 0.287890625 0.11770833333333333 0.022265625 0.023958333333333335
0 0.823828125 0.7416666666666667 0.0171875 0.024479166666666666
0 0.68828125 0.915625 0.058984375 0.06822916666666666
0 0.167578125 0.9385416666666667 0.026171875 0.03229166666666667
0 0.74921875 0.022916666666666665 0.015234375 0.0203125
0 0.916015625 0.509375 0.01796875 0.026041666666666668
1 0.977734375 0.8885416666666667 0.0171875 0.0234375
1 0.053125 0.051041666666666666 0.055859375 0.06770833333333333
1 0.64375 0.11197916666666667 0.028515625 0.0328125
0 0.05390625 0.359375 0.01796875 0.030208333333333334