0 0.910546875 0.7776041666666667 0.016015625 0.0140625
1 0.93359375 0.9104166666666667 0.01875 0.03125
1 0.3171875 0.096875 0.014453125 0.017708333333333333
1 0.638671875 0.22708333333333333 0.0234375 0.030729166666666665
1 0.80546875 0.0578125 0.018359375 0.023958333333333335
1 0.53671875 0.3458333333333333 0.02265625 0.033854166666666664
0 0.966796875 0.14895833333333333 0.0390625 0.05520833333333333
0 0.6171875 0.9583333333333334 0.0109375 0.011979166666666667
1 0.322265625 0.64375 0.0625 0.08229166666666667
1 0.68671875 0.9145833333333333 0.059375 0.08333333333333333
1 0.66953125 0.7890625 0.023828125 0.030208333333333334
1 0.878125 0.6510416666666666 0.01796875 0.027604166666666666
1 0.08515625 0.9010416666666666 0.02421875 0.026041666666666668
1 0.690234375 0.0234375 0.026171875 0.033854166666666664
1 0.042578125 0.7291666666666666 0.019921875 0.03177083333333333
1 0.20390625 0.3572916666666667 0.025390625 0.027604166666666666
1 0.053515625 0.042708333333333334 0.02734375 0.0328125