0 0.892578125 0.43333333333333335 0.01171875 0.018229166666666668
1 0.0375 0.47760416666666666 0.0265625 0.0328125
0 0.308984375 0.8932291666666666 0.0140625 0.019270833333333334
0 0.55625 0.3421875 0.015234375 0.021354166666666667
1 0.40234375 0.671875 0.01640625 0.022395833333333334
1 0.389453125 0.37552083333333336 0.0171875 0.022395833333333334
1 0.913671875 0.6760416666666667 0.015625 0.021354166666666667
1 0.633203125 0.8302083333333333 0.016015625 0.022395833333333334
1 0.734765625 0.6036458333333333 0.01953125 0.022395833333333334
0 0.55703125 0.6973958333333333 0.029296875 0.0390625
1 0.162890625 0.9786458333333333 0.031640625 0.04010416666666667
1 0.1109375 0.5869791666666667 0.03984375 0.0515625
1 0.971875 0.9671875 0.016796875 0.022395833333333334
1 0.691015625 0.446875 0.039453125 0.05572916666666667
1 0.63125 0.11875 0.01484375 0.025
1 0.87265625 0.24739583333333334 0.020703125 0.024479166666666666
1 0.7890625 0.821875 0.01484375 0.025
0 0.99296875 0.27395833333333336 0.0140625 0.020833333333333332
0 0.80234375 0.9286458333333333 0.015625 0.021354166666666667
1 0.116796875 0.278125 0.043359375 0.05520833333333333
1 0.415625 0.3380208333333333 0.04140625 0.05625
1 0.54609375 0.14635416666666667 0.043359375 0.05572916666666667
1 0.734765625 0.2515625 0.018359375 0.026041666666666668
1 0.457421875 0.5151041666666667 0.01640625 0.025
0 0.029296875 0.5682291666666667 0.01953125 0.0578125
1 0.533203125 0.5161458333333333 0.01875 0.022395833333333334
0 0.85234375 0.7541666666666667 0.01484375 0.024479166666666666
0 0.65078125 0.634375 0.01484375 0.023958333333333335
1 0.653515625 0.8546875 0.037109375 0.04895833333333333
1 0.4125 0.7822916666666667 0.038671875 0.050520833333333334
1 0.81328125 0.6447916666666667 0.0375 0.050520833333333334
1 0.77421875 0.4166666666666667 0.015625 0.026041666666666668
1 0.93671875 0.034895833333333334 0.016796875 0.028125
1 0.2421875 0.565625 0.03984375 0.04791666666666667
0 0.760546875 0.9645833333333333 0.0375 0.05520833333333333
1 0.943359375 0.7192708333333333 0.0171875 0.022395833333333334
1 0.076171875 0.840625 0.016796875 0.01875
1 0.204296875 0.24322916666666666 0.018359375 0.022916666666666665
1 0.215625 0.075 0.017578125 0.020833333333333332
1 0.01484375 0.7901041666666667 0.019921875 0.021354166666666667
1 0.32265625 0.646875 0.017578125 0.022395833333333334
0 0.49375 0.26510416666666664 0.015625 0.019791666666666666
1 0.83359375 0.38645833333333335 0.016796875 0.021875
0 0.653125 0.503125 0.0171875 0.0171875
0 0.60390625 0.6958333333333333 0.0125 0.0171875
0 0.72734375 0.9140625 0.01484375 0.016145833333333335
1 0.3140625 0.1484375 0.013671875 0.0203125
1 0.434375 0.753125 0.015234375 0.024479166666666666
1 0.358203125 0.5036458333333333 0.013671875 0.018229166666666668
1 0.12734375 0.3572916666666667 0.01796875 0.022916666666666665
0 0.834765625 0.24479166666666666 0.01875 0.0265625
1 0.321484375 0.6932291666666667 0.015625 0.022395833333333334
1 0.298046875 0.9682291666666667 0.021484375 0.030208333333333334
0 0.4921875 0.9744791666666667 0.01796875 0.022916666666666665
0 0.562109375 0.7489583333333333 0.013671875 0.01875