0 0.351953125 0.334375 0.006640625 0.008854166666666666
1 0.68984375 0.5442708333333334 0.021875 0.03125
0 0.623046875 0.09427083333333333 0.01171875 0.0125
1 0.83984375 0.36770833333333336 0.0234375 0.03697916666666667
1 0.7875 0.796875 0.03203125 0.04739583333333333
1 0.352734375 0.9078125 0.0296875 0.0359375
1 0.371875 0.571875 0.062109375 0.08229166666666667
1 0.19140625 0.353125 0.026953125 0.03177083333333333
1 0.091796875 0.033854166666666664 0.024609375 0.026041666666666668
1 0.692578125 0.04895833333333333 0.059375 0.08489583333333334
1 0.4875 0.21875 0.023828125 0.030729166666666665
0 0.9140625 0.7984375 0.009765625 0.0125
0 0.356640625 0.95 0.013671875 0.019270833333333334
1 0.06015625 0.4744791666666667 0.055078125 0.034895833333333334
1 0.008984375 0.2635416666666667 0.01796875 0.03125
1 0.707421875 0.9088541666666666 0.021875 0.03177083333333333
1 0.753125 0.28854166666666664 0.015625 0.023958333333333335
1 0.9390625 0.04479166666666667 0.0171875 0.030729166666666665
1 0.458203125 0.6598958333333333 0.021484375 0.022395833333333334
1 0.270703125 0.9854166666666667 0.01953125 0.029166666666666667