0 0.03828125 0.46875 0.0234375 0.028645833333333332
1 0.9265625 0.2713541666666667 0.02578125 0.036458333333333336
1 0.393359375 0.5588541666666667 0.012890625 0.016145833333333335
1 0.085546875 0.7697916666666667 0.0140625 0.017708333333333333
0 0.39921875 0.409375 0.023828125 0.028645833333333332
0 0.255078125 0.8140625 0.061328125 0.07760416666666667
1 0.3671875 0.8052083333333333 0.01796875 0.017708333333333333
0 0.41171875 0.8723958333333334 0.021484375 0.0265625
0 0.0609375 0.7411458333333333 0.01796875 0.021354166666666667
1 0.6109375 0.13541666666666666 0.015234375 0.021354166666666667
0 0.35 0.06666666666666667 0.021484375 0.029166666666666667
1 0.051171875 0.11770833333333333 0.0265625 0.028125
0 0.2703125 0.5755208333333334 0.021875 0.022916666666666665
0 0.829296875 0.8921875 0.02421875 0.03229166666666667
0 0.76640625 0.375 0.026171875 0.022916666666666665
1 0.924609375 0.008333333333333333 0.01640625 0.016666666666666666
1 0.8796875 0.32083333333333336 0.0140625 0.018229166666666668
0 0.91640625 0.028645833333333332 0.012890625 0.021354166666666667
0 0.9046875 0.15625 0.01875 0.022916666666666665
1 0.7046875 0.28541666666666665 0.016015625 0.023958333333333335
1 0.73828125 0.37135416666666665 0.021484375 0.025520833333333333
1 0.41328125 0.184375 0.018359375 0.026041666666666668