0 0.238671875 0.7921875 0.017578125 0.022916666666666665
1 0.1875 0.6479166666666667 0.025 0.0375
1 0.2125 0.2994791666666667 0.0265625 0.034895833333333334
1 0.313671875 0.1890625 0.059765625 0.078125
1 0.853125 0.9828125 0.028125 0.033854166666666664
1 0.659765625 0.39479166666666665 0.028125 0.03125
1 0.861328125 0.721875 0.021875 0.022395833333333334
1 0.655859375 0.9557291666666666 0.01484375 0.015625
1 0.8359375 0.40520833333333334 0.014453125 0.0234375
1 0.490234375 0.8479166666666667 0.025 0.05260416666666667
1 0.523828125 0.9078125 0.028515625 0.03125
1 0.87265625 0.39427083333333335 0.024609375 0.03177083333333333
1 0.6515625 0.909375 0.055859375 0.07604166666666666
1 0.539453125 0.5364583333333334 0.0546875 0.07864583333333333
1 0.76328125 0.13802083333333334 0.026953125 0.0296875
1 0.264453125 0.6828125 0.029296875 0.03229166666666667
1 0.285546875 0.8255208333333334 0.0265625 0.036458333333333336
1 0.09765625 0.8171875 0.02578125 0.034895833333333334
1 0.090625 0.6494791666666667 0.0234375 0.028645833333333332