1 0.96640625 0.30364583333333334 0.057421875 0.07083333333333333
0 0.741796875 0.49166666666666664 0.055859375 0.071875
1 0.578125 0.5072916666666667 0.026953125 0.033854166666666664
1 0.7765625 0.546875 0.023046875 0.0328125
1 0.74921875 0.5838541666666667 0.012109375 0.013541666666666667
1 0.058203125 0.28958333333333336 0.017578125 0.021354166666666667
0 0.199609375 0.8520833333333333 0.026171875 0.030208333333333334
0 0.415234375 0.2390625 0.061328125 0.08385416666666666
0 0.209375 0.43125 0.027734375 0.030729166666666665
0 0.38671875 0.8692708333333333 0.029296875 0.03229166666666667
1 0.73203125 0.9864583333333333 0.02734375 0.027083333333333334