0 0.214453125 0.9682291666666667 0.01484375 0.017708333333333333
1 0.6859375 0.9536458333333333 0.060546875 0.05677083333333333
1 0.61875 0.5276041666666667 0.01328125 0.028645833333333332
0 0.67421875 0.6713541666666667 0.03359375 0.028645833333333332
1 0.94453125 0.659375 0.016015625 0.0203125
0 0.23671875 0.8416666666666667 0.0234375 0.025520833333333333
0 0.723046875 0.7333333333333333 0.0234375 0.0359375
1 0.313671875 0.128125 0.02578125 0.03333333333333333
0 0.66640625 0.11979166666666667 0.0203125 0.025520833333333333
1 0.285546875 0.33125 0.023828125 0.0328125
1 0.13125 0.6364583333333333 0.063671875 0.0796875
0 0.883203125 0.029166666666666667 0.02421875 0.029166666666666667
0 0.251953125 0.69375 0.025390625 0.015104166666666667