1 0.005859375 0.058854166666666666 0.01171875 0.022916666666666665
1 0.730859375 0.6552083333333333 0.016796875 0.0234375
1 0.4390625 0.725 0.04453125 0.05572916666666667
1 0.852734375 0.5447916666666667 0.041796875 0.05572916666666667
1 0.8875 0.246875 0.0390625 0.049479166666666664
0 0.435546875 0.42604166666666665 0.04375 0.051041666666666666
1 0.428515625 0.07083333333333333 0.0421875 0.05520833333333333
1 0.16328125 0.42239583333333336 0.040625 0.05625
0 0.346484375 0.20625 0.016015625 0.026041666666666668
1 0.487109375 0.5692708333333333 0.016796875 0.022395833333333334
1 0.212109375 0.2625 0.01640625 0.021354166666666667
1 0.628515625 0.21666666666666667 0.015234375 0.0234375
1 0.585546875 0.23802083333333332 0.011328125 0.0171875
1 0.6828125 0.9447916666666667 0.01484375 0.022916666666666665
1 0.87421875 0.64375 0.017578125 0.022395833333333334
0 0.276171875 0.7984375 0.01953125 0.022916666666666665
1 0.258203125 0.221875 0.0171875 0.022916666666666665
1 0.2 0.6588541666666666 0.020703125 0.023958333333333335
1 0.59453125 0.790625 0.019140625 0.0234375
0 0.2078125 0.028125 0.01484375 0.019270833333333334
0 0.562890625 0.08072916666666667 0.01875 0.022395833333333334
1 0.149609375 0.9677083333333333 0.045703125 0.0578125
1 0.976171875 0.4276041666666667 0.017578125 0.025520833333333333
1 0.689453125 0.5072916666666667 0.01796875 0.0234375
1 0.018359375 0.7807291666666667 0.01796875 0.019791666666666666
0 0.314453125 0.540625 0.014453125 0.016145833333333335
0 0.187109375 0.07239583333333334 0.010546875 0.013020833333333334
0 0.55078125 0.34322916666666664 0.01875 0.021354166666666667
1 0.484375 0.5520833333333334 0.020703125 0.01875
1 0.18125 0.1953125 0.01484375 0.013541666666666667